200 7925
0 1
0 2
0 3
0 9
0 12
0 15
0 16
0 22
0 25
0 26
0 28
0 30
0 34
0 37
0 47
0 48
0 52
0 53
0 54
0 58
0 60
0 62
0 65
0 66
0 68
0 69
0 70
0 73
0 76
0 79
0 80
0 84
0 85
0 87
0 93
0 94
0 97
0 102
0 103
0 106
0 108
0 110
0 114
0 115
0 118
0 120
0 121
0 123
0 126
0 128
0 129
0 137
0 140
0 148
0 149
0 151
0 156
0 157
0 161
0 162
0 163
0 168
0 172
0 176
0 177
0 178
0 181
0 183
0 191
0 192
0 193
0 196
1 3
1 7
1 9
1 10
1 12
1 15
1 16
1 25
1 27
1 30
1 32
1 34
1 35
1 38
1 41
1 42
1 43
1 44
1 45
1 47
1 52
1 54
1 57
1 58
1 61
1 65
1 66
1 68
1 69
1 70
1 72
1 73
1 74
1 79
1 82
1 85
1 86
1 88
1 90
1 94
1 96
1 97
1 98
1 103
1 104
1 106
1 107
1 112
1 117
1 118
1 122
1 125
1 126
1 129
1 134
1 137
1 138
1 140
1 142
1 143
1 147
1 151
1 153
1 155
1 156
1 158
1 159
1 166
1 168
1 174
1 175
1 179
1 187
1 189
1 191
1 195
1 196
2 3
2 6
2 8
2 11
2 12
2 13
2 15
2 17
2 19
2 20
2 23
2 25
2 26
2 29
2 35
2 36
2 38
2 39
2 40
2 43
2 45
2 50
2 62
2 63
2 69
2 70
2 71
2 74
2 80
2 81
2 82
2 86
2 90
2 92
2 102
2 104
2 110
2 115
2 117
2 118
2 122
2 124
2 128
2 129
2 140
2 141
2 143
2 147
2 151
2 152
2 153
2 155
2 156
2 157
2 158
2 161
2 164
2 165
2 166
2 168
2 169
2 173
2 177
2 181
2 182
2 187
2 188
2 197
3 4
3 6
3 8
3 10
3 11
3 12
3 14
3 16
3 19
3 21
3 23
3 24
3 25
3 26
3 27
3 30
3 32
3 33
3 34
3 37
3 42
3 43
3 45
3 48
3 49
3 50
3 51
3 58
3 59
3 61
3 69
3 74
3 76
3 77
3 78
3 80
3 81
3 83
3 87
3 89
3 92
3 93
3 94
3 95
3 99
3 102
3 107
3 109
3 110
3 112
3 117
3 118
3 119
3 123
3 125
3 127
3 128
3 132
3 138
3 139
3 140
3 143
3 145
3 149
3 150
3 154
3 165
3 169
3 175
3 176
3 182
3 183
3 186
3 189
3 194
3 195
3 197
3 198
4 5
4 7
4 9
4 13
4 15
4 17
4 20
4 21
4 22
4 23
4 26
4 27
4 28
4 29
4 31
4 33
4 34
4 35
4 39
4 40
4 46
4 47
4 48
4 49
4 50
4 55
4 56
4 57
4 58
4 59
4 60
4 65
4 72
4 75
4 76
4 78
4 81
4 83
4 84
4 85
4 86
4 90
4 95
4 105
4 107
4 109
4 116
4 119
4 123
4 127
4 130
4 131
4 132
4 137
4 138
4 139
4 143
4 145
4 146
4 153
4 158
4 160
4 161
4 162
4 163
4 165
4 166
4 167
4 168
4 169
4 171
4 172
4 175
4 179
4 182
4 183
4 185
4 187
4 193
4 195
5 7
5 8
5 9
5 10
5 13
5 17
5 18
5 19
5 20
5 21
5 25
5 27
5 28
5 34
5 35
5 42
5 43
5 44
5 45
5 46
5 49
5 54
5 58
5 60
5 61
5 62
5 63
5 64
5 68
5 70
5 72
5 75
5 79
5 86
5 87
5 93
5 96
5 101
5 104
5 105
5 109
5 113
5 116
5 122
5 125
5 127
5 128
5 129
5 130
5 132
5 136
5 138
5 140
5 146
5 147
5 149
5 153
5 156
5 160
5 163
5 165
5 166
5 171
5 172
5 178
5 184
5 185
5 187
5 194
5 195
5 197
5 198
5 199
6 7
6 12
6 13
6 14
6 17
6 19
6 20
6 23
6 25
6 28
6 30
6 32
6 33
6 35
6 37
6 42
6 44
6 46
6 48
6 49
6 50
6 54
6 61
6 63
6 65
6 66
6 69
6 71
6 72
6 74
6 75
6 76
6 78
6 81
6 84
6 87
6 89
6 91
6 92
6 100
6 101
6 102
6 107
6 113
6 117
6 119
6 122
6 124
6 125
6 127
6 128
6 129
6 132
6 135
6 141
6 142
6 143
6 147
6 152
6 153
6 154
6 155
6 156
6 158
6 163
6 165
6 167
6 169
6 170
6 175
6 176
6 178
6 183
6 184
6 186
6 187
6 188
6 191
6 192
6 194
6 197
6 198
6 199
7 10
7 11
7 13
7 14
7 15
7 19
7 20
7 21
7 22
7 23
7 25
7 30
7 32
7 36
7 41
7 43
7 44
7 52
7 53
7 57
7 58
7 61
7 62
7 67
7 68
7 69
7 71
7 72
7 73
7 74
7 77
7 80
7 81
7 83
7 86
7 89
7 94
7 95
7 97
7 98
7 99
7 100
7 101
7 102
7 104
7 107
7 110
7 111
7 112
7 117
7 122
7 123
7 126
7 127
7 132
7 134
7 135
7 140
7 142
7 143
7 144
7 149
7 150
7 154
7 159
7 161
7 162
7 163
7 165
7 166
7 168
7 169
7 170
7 172
7 174
7 176
7 177
7 178
7 179
7 181
7 187
7 194
7 196
7 199
8 10
8 11
8 12
8 13
8 14
8 15
8 18
8 19
8 20
8 21
8 22
8 23
8 24
8 25
8 29
8 33
8 35
8 39
8 41
8 43
8 51
8 52
8 58
8 62
8 64
8 66
8 68
8 70
8 73
8 76
8 77
8 80
8 85
8 90
8 91
8 92
8 98
8 101
8 104
8 115
8 118
8 120
8 121
8 122
8 123
8 127
8 133
8 134
8 136
8 137
8 140
8 141
8 142
8 148
8 149
8 151
8 153
8 155
8 157
8 158
8 159
8 160
8 166
8 169
8 171
8 173
8 175
8 177
8 180
8 182
8 184
8 186
8 188
8 190
8 193
8 195
8 199
9 12
9 13
9 14
9 15
9 18
9 21
9 23
9 24
9 26
9 27
9 29
9 31
9 37
9 41
9 43
9 45
9 47
9 48
9 50
9 51
9 52
9 53
9 54
9 61
9 63
9 64
9 66
9 68
9 70
9 76
9 77
9 81
9 85
9 86
9 95
9 97
9 98
9 100
9 101
9 102
9 104
9 105
9 106
9 108
9 109
9 110
9 111
9 112
9 116
9 118
9 124
9 127
9 134
9 135
9 138
9 144
9 145
9 147
9 149
9 154
9 156
9 159
9 160
9 161
9 162
9 166
9 169
9 177
9 178
9 179
9 181
9 182
9 184
9 186
9 187
9 188
9 190
9 192
9 194
9 195
9 196
10 11
10 14
10 15
10 18
10 22
10 25
10 28
10 30
10 39
10 40
10 41
10 42
10 44
10 46
10 47
10 48
10 55
10 64
10 69
10 71
10 73
10 75
10 76
10 77
10 79
10 83
10 84
10 88
10 91
10 93
10 94
10 95
10 97
10 98
10 100
10 103
10 109
10 110
10 111
10 112
10 113
10 114
10 115
10 117
10 123
10 124
10 125
10 129
10 131
10 132
10 137
10 140
10 141
10 142
10 143
10 144
10 148
10 151
10 152
10 154
10 155
10 158
10 160
10 162
10 164
10 165
10 167
10 169
10 174
10 175
10 182
10 185
10 188
10 189
10 194
10 196
10 198
11 13
11 14
11 17
11 19
11 22
11 23
11 26
11 32
11 33
11 34
11 35
11 37
11 41
11 43
11 48
11 50
11 51
11 53
11 56
11 58
11 60
11 64
11 65
11 72
11 73
11 74
11 75
11 77
11 78
11 82
11 85
11 87
11 88
11 95
11 96
11 98
11 102
11 103
11 104
11 111
11 113
11 116
11 118
11 119
11 120
11 125
11 129
11 131
11 132
11 133
11 134
11 137
11 141
11 145
11 149
11 152
11 153
11 154
11 156
11 157
11 158
11 160
11 161
11 164
11 166
11 167
11 169
11 171
11 174
11 175
11 176
11 180
11 181
11 183
11 184
11 185
11 186
11 187
11 189
11 191
11 192
11 193
11 196
11 198
12 18
12 19
12 21
12 22
12 24
12 28
12 29
12 36
12 37
12 38
12 40
12 42
12 44
12 46
12 47
12 48
12 51
12 56
12 57
12 59
12 60
12 63
12 65
12 67
12 71
12 72
12 81
12 84
12 85
12 89
12 95
12 101
12 102
12 109
12 110
12 114
12 116
12 119
12 121
12 128
12 129
12 131
12 132
12 138
12 140
12 142
12 144
12 148
12 149
12 153
12 155
12 162
12 163
12 166
12 168
12 174
12 175
12 176
12 178
12 180
12 183
12 188
12 194
12 195
13 14
13 17
13 18
13 19
13 20
13 21
13 23
13 26
13 28
13 29
13 35
13 36
13 38
13 39
13 42
13 44
13 45
13 49
13 50
13 52
13 53
13 56
13 58
13 60
13 62
13 70
13 75
13 79
13 83
13 85
13 90
13 95
13 96
13 102
13 106
13 111
13 112
13 113
13 114
13 116
13 117
13 118
13 121
13 123
13 124
13 125
13 130
13 131
13 132
13 134
13 136
13 141
13 142
13 144
13 146
13 148
13 151
13 154
13 155
13 159
13 160
13 167
13 168
13 173
13 174
13 179
13 181
13 182
13 183
13 189
13 196
14 15
14 17
14 18
14 20
14 21
14 22
14 23
14 25
14 26
14 31
14 32
14 33
14 35
14 36
14 37
14 42
14 43
14 44
14 45
14 54
14 57
14 58
14 59
14 60
14 62
14 66
14 72
14 73
14 75
14 77
14 78
14 79
14 80
14 87
14 88
14 89
14 93
14 96
14 99
14 104
14 106
14 107
14 109
14 110
14 114
14 117
14 121
14 124
14 128
14 130
14 132
14 134
14 139
14 140
14 141
14 142
14 146
14 150
14 151
14 153
14 154
14 157
14 158
14 159
14 160
14 161
14 162
14 163
14 166
14 168
14 170
14 173
14 176
14 183
14 187
14 189
14 191
14 192
14 198
14 199
15 16
15 17
15 18
15 19
15 21
15 22
15 25
15 26
15 34
15 36
15 39
15 40
15 44
15 46
15 48
15 50
15 53
15 54
15 57
15 60
15 62
15 64
15 71
15 81
15 83
15 86
15 87
15 93
15 94
15 96
15 97
15 99
15 103
15 111
15 114
15 115
15 119
15 124
15 126
15 127
15 128
15 130
15 132
15 133
15 141
15 144
15 149
15 152
15 156
15 158
15 159
15 160
15 162
15 164
15 165
15 167
15 170
15 171
15 176
15 177
15 179
15 180
15 181
15 182
15 183
15 187
15 189
15 191
15 194
15 196
15 198
15 199
16 17
16 20
16 25
16 26
16 28
16 33
16 34
16 35
16 37
16 40
16 46
16 52
16 53
16 55
16 57
16 58
16 59
16 61
16 67
16 70
16 71
16 72
16 73
16 75
16 76
16 77
16 79
16 84
16 87
16 90
16 91
16 93
16 96
16 101
16 102
16 103
16 111
16 112
16 118
16 122
16 123
16 131
16 132
16 137
16 138
16 139
16 140
16 142
16 144
16 145
16 148
16 149
16 152
16 153
16 154
16 155
16 156
16 160
16 161
16 162
16 163
16 164
16 165
16 167
16 168
16 169
16 174
16 175
16 179
16 181
16 183
16 184
16 188
16 189
16 191
16 193
16 198
17 19
17 22
17 23
17 25
17 28
17 32
17 37
17 40
17 43
17 47
17 50
17 54
17 55
17 57
17 58
17 60
17 62
17 64
17 66
17 73
17 74
17 75
17 78
17 83
17 84
17 90
17 93
17 97
17 98
17 103
17 105
17 110
17 111
17 113
17 115
17 120
17 122
17 124
17 125
17 126
17 132
17 134
17 140
17 144
17 155
17 165
17 168
17 170
17 171
17 172
17 173
17 176
17 177
17 178
17 179
17 181
17 182
17 186
17 187
17 189
17 190
17 196
17 199
18 19
18 20
18 22
18 23
18 24
18 27
18 30
18 31
18 38
18 39
18 40
18 42
18 45
18 47
18 49
18 50
18 55
18 58
18 59
18 64
18 66
18 69
18 72
18 79
18 80
18 81
18 83
18 86
18 91
18 93
18 94
18 96
18 97
18 100
18 101
18 110
18 111
18 112
18 113
18 115
18 116
18 119
18 120
18 127
18 129
18 132
18 134
18 135
18 136
18 138
18 139
18 140
18 141
18 143
18 144
18 155
18 156
18 161
18 165
18 166
18 170
18 172
18 174
18 175
18 176
18 186
18 188
18 191
18 192
18 193
18 199
19 21
19 23
19 24
19 26
19 36
19 38
19 39
19 40
19 42
19 46
19 48
19 50
19 54
19 56
19 57
19 58
19 60
19 61
19 62
19 66
19 67
19 68
19 72
19 74
19 75
19 77
19 78
19 82
19 84
19 85
19 87
19 88
19 91
19 92
19 93
19 97
19 98
19 101
19 102
19 104
19 105
19 107
19 117
19 119
19 122
19 124
19 128
19 129
19 130
19 133
19 142
19 147
19 148
19 150
19 151
19 152
19 155
19 159
19 161
19 162
19 164
19 165
19 167
19 170
19 171
19 173
19 177
19 180
19 183
19 189
19 190
19 193
19 195
19 197
19 198
19 199
20 21
20 24
20 25
20 27
20 28
20 29
20 33
20 34
20 38
20 39
20 40
20 42
20 44
20 45
20 49
20 52
20 57
20 58
20 65
20 71
20 73
20 75
20 76
20 77
20 78
20 80
20 86
20 87
20 88
20 91
20 92
20 94
20 98
20 99
20 101
20 102
20 105
20 107
20 108
20 111
20 115
20 117
20 118
20 119
20 120
20 121
20 122
20 124
20 125
20 127
20 128
20 130
20 134
20 135
20 141
20 143
20 151
20 152
20 158
20 159
20 164
20 165
20 169
20 176
20 180
20 181
20 182
20 186
20 187
20 189
20 195
20 196
20 197
20 198
20 199
21 22
21 25
21 28
21 30
21 32
21 33
21 34
21 39
21 41
21 45
21 46
21 48
21 53
21 54
21 55
21 57
21 60
21 62
21 64
21 65
21 68
21 70
21 71
21 75
21 80
21 81
21 84
21 85
21 99
21 101
21 106
21 107
21 110
21 112
21 114
21 115
21 116
21 117
21 123
21 125
21 126
21 127
21 129
21 130
21 133
21 138
21 142
21 145
21 146
21 154
21 156
21 160
21 162
21 164
21 166
21 168
21 171
21 173
21 181
21 182
21 187
21 189
21 192
21 194
21 195
21 196
21 198
21 199
22 23
22 24
22 25
22 27
22 28
22 29
22 30
22 32
22 34
22 38
22 40
22 41
22 43
22 44
22 45
22 46
22 48
22 51
22 53
22 55
22 59
22 62
22 63
22 68
22 72
22 75
22 78
22 83
22 87
22 89
22 91
22 94
22 96
22 97
22 100
22 103
22 108
22 109
22 110
22 112
22 115
22 122
22 123
22 128
22 129
22 141
22 143
22 144
22 146
22 149
22 151
22 153
22 155
22 156
22 161
22 166
22 167
22 169
22 170
22 171
22 175
22 176
22 178
22 187
22 195
22 196
22 199
23 24
23 27
23 35
23 37
23 40
23 42
23 43
23 44
23 45
23 49
23 50
23 51
23 53
23 55
23 58
23 60
23 62
23 65
23 67
23 69
23 70
23 72
23 78
23 79
23 81
23 82
23 84
23 85
23 88
23 89
23 90
23 93
23 98
23 99
23 101
23 102
23 108
23 110
23 115
23 123
23 124
23 125
23 131
23 134
23 135
23 137
23 138
23 144
23 151
23 154
23 159
23 160
23 162
23 163
23 165
23 168
23 169
23 172
23 174
23 175
23 176
23 180
23 183
23 188
23 191
23 192
24 25
24 29
24 32
24 34
24 35
24 38
24 42
24 46
24 49
24 50
24 53
24 55
24 58
24 59
24 62
24 64
24 65
24 67
24 70
24 71
24 73
24 74
24 75
24 76
24 77
24 78
24 81
24 83
24 85
24 86
24 89
24 91
24 93
24 102
24 103
24 105
24 106
24 114
24 116
24 118
24 121
24 122
24 126
24 127
24 129
24 130
24 131
24 132
24 134
24 136
24 139
24 141
24 142
24 145
24 148
24 149
24 150
24 151
24 154
24 155
24 157
24 166
24 169
24 174
24 179
24 181
24 182
24 185
24 188
24 189
24 193
24 195
25 29
25 33
25 35
25 36
25 38
25 39
25 40
25 42
25 43
25 46
25 47
25 48
25 49
25 50
25 51
25 55
25 56
25 57
25 59
25 62
25 70
25 71
25 72
25 73
25 74
25 77
25 80
25 81
25 89
25 90
25 91
25 94
25 97
25 98
25 100
25 102
25 104
25 105
25 106
25 110
25 111
25 118
25 120
25 122
25 124
25 128
25 134
25 137
25 138
25 140
25 141
25 142
25 144
25 145
25 146
25 148
25 149
25 150
25 152
25 153
25 154
25 155
25 157
25 161
25 162
25 163
25 164
25 167
25 173
25 176
25 181
25 182
25 185
25 187
25 190
25 192
25 196
25 197
25 199
26 30
26 34
26 35
26 46
26 47
26 48
26 50
26 54
26 55
26 57
26 69
26 71
26 77
26 79
26 83
26 84
26 86
26 91
26 92
26 93
26 99
26 101
26 102
26 103
26 104
26 105
26 109
26 110
26 113
26 117
26 118
26 119
26 120
26 123
26 124
26 125
26 126
26 127
26 129
26 130
26 137
26 140
26 145
26 148
26 152
26 154
26 160
26 161
26 162
26 165
26 168
26 169
26 170
26 177
26 178
26 179
26 180
26 184
26 187
26 188
26 190
26 192
26 195
26 196
26 198
26 199
27 29
27 31
27 32
27 34
27 37
27 38
27 49
27 52
27 54
27 61
27 63
27 65
27 67
27 68
27 70
27 72
27 76
27 80
27 83
27 86
27 87
27 89
27 91
27 94
27 96
27 100
27 108
27 114
27 115
27 116
27 118
27 120
27 121
27 127
27 134
27 137
27 144
27 147
27 148
27 153
27 154
27 155
27 157
27 160
27 163
27 164
27 166
27 167
27 168
27 171
27 172
27 173
27 176
27 182
27 188
27 192
27 193
27 196
28 30
28 32
28 35
28 37
28 38
28 41
28 45
28 49
28 50
28 54
28 57
28 61
28 63
28 64
28 67
28 70
28 71
28 72
28 76
28 85
28 86
28 87
28 91
28 97
28 99
28 102
28 108
28 109
28 111
28 112
28 113
28 114
28 115
28 120
28 121
28 122
28 123
28 124
28 125
28 128
28 131
28 133
28 134
28 137
28 139
28 141
28 142
28 147
28 159
28 162
28 163
28 164
28 166
28 169
28 170
28 176
28 180
28 186
28 187
28 188
28 190
28 194
28 195
28 196
29 33
29 34
29 36
29 38
29 39
29 40
29 42
29 44
29 45
29 46
29 49
29 50
29 51
29 52
29 55
29 59
29 61
29 64
29 67
29 69
29 70
29 74
29 75
29 80
29 83
29 84
29 85
29 86
29 88
29 90
29 91
29 92
29 94
29 96
29 98
29 100
29 104
29 105
29 108
29 110
29 113
29 114
29 115
29 116
29 117
29 119
29 121
29 123
29 124
29 127
29 128
29 130
29 135
29 137
29 138
29 139
29 141
29 144
29 145
29 154
29 159
29 160
29 167
29 168
29 169
29 170
29 174
29 176
29 177
29 179
29 181
29 186
29 188
29 189
29 192
29 193
29 196
29 197
30 31
30 33
30 35
30 37
30 38
30 39
30 44
30 45
30 50
30 55
30 61
30 68
30 69
30 70
30 71
30 72
30 75
30 77
30 78
30 82
30 83
30 87
30 88
30 89
30 91
30 93
30 94
30 95
30 97
30 98
30 99
30 100
30 104
30 108
30 109
30 111
30 114
30 115
30 117
30 118
30 122
30 125
30 129
30 135
30 137
30 141
30 144
30 148
30 150
30 153
30 156
30 158
30 164
30 165
30 168
30 169
30 171
30 172
30 174
30 178
30 180
30 182
30 185
30 186
30 189
30 191
30 195
30 196
30 198
30 199
31 32
31 34
31 39
31 40
31 43
31 44
31 49
31 55
31 60
31 62
31 63
31 65
31 67
31 68
31 71
31 72
31 73
31 79
31 80
31 83
31 89
31 90
31 97
31 98
31 101
31 103
31 104
31 106
31 107
31 109
31 110
31 113
31 116
31 118
31 121
31 124
31 125
31 127
31 129
31 132
31 135
31 136
31 137
31 140
31 143
31 145
31 147
31 149
31 153
31 154
31 158
31 159
31 163
31 165
31 166
31 169
31 171
31 173
31 177
31 178
31 179
31 180
31 183
31 184
31 185
31 189
31 192
31 194
31 198
31 199
32 35
32 36
32 38
32 39
32 40
32 43
32 45
32 47
32 49
32 51
32 52
32 53
32 54
32 55
32 59
32 60
32 61
32 63
32 65
32 67
32 70
32 71
32 72
32 73
32 76
32 77
32 79
32 83
32 85
32 86
32 87
32 88
32 89
32 90
32 91
32 92
32 93
32 94
32 95
32 96
32 97
32 102
32 103
32 105
32 106
32 107
32 109
32 111
32 112
32 114
32 116
32 117
32 118
32 121
32 122
32 124
32 126
32 129
32 130
32 131
32 133
32 137
32 138
32 143
32 145
32 146
32 154
32 162
32 164
32 166
32 167
32 168
32 169
32 174
32 175
32 176
32 177
32 179
32 181
32 185
32 187
32 192
32 196
32 199
33 39
33 41
33 42
33 48
33 51
33 56
33 60
33 62
33 64
33 68
33 70
33 71
33 72
33 74
33 75
33 76
33 77
33 82
33 83
33 87
33 92
33 93
33 94
33 95
33 98
33 101
33 102
33 104
33 105
33 115
33 116
33 119
33 122
33 123
33 124
33 126
33 129
33 132
33 133
33 135
33 137
33 145
33 151
33 152
33 155
33 156
33 157
33 158
33 159
33 160
33 161
33 165
33 168
33 170
33 174
33 175
33 176
33 177
33 179
33 185
33 191
33 195
33 198
33 199
34 38
34 39
34 41
34 42
34 43
34 44
34 47
34 49
34 55
34 57
34 58
34 62
34 63
34 64
34 66
34 68
34 69
34 71
34 74
34 76
34 77
34 78
34 82
34 85
34 87
34 88
34 90
34 91
34 95
34 100
34 101
34 105
34 106
34 107
34 108
34 109
34 110
34 111
34 112
34 113
34 117
34 128
34 129
34 131
34 132
34 134
34 136
34 137
34 138
34 139
34 140
34 144
34 148
34 149
34 152
34 153
34 155
34 158
34 161
34 162
34 163
34 164
34 166
34 167
34 168
34 169
34 170
34 172
34 176
34 182
34 183
34 184
34 186
34 187
34 188
34 195
34 197
35 36
35 37
35 39
35 42
35 43
35 47
35 48
35 50
35 51
35 57
35 61
35 64
35 65
35 67
35 68
35 70
35 73
35 74
35 76
35 79
35 82
35 88
35 91
35 93
35 95
35 96
35 97
35 99
35 100
35 103
35 104
35 111
35 113
35 117
35 119
35 121
35 122
35 125
35 126
35 128
35 129
35 133
35 134
35 135
35 136
35 145
35 153
35 155
35 158
35 159
35 160
35 174
35 181
35 183
35 192
35 193
35 194
35 195
36 37
36 39
36 40
36 41
36 44
36 49
36 53
36 55
36 58
36 59
36 60
36 62
36 63
36 65
36 66
36 68
36 69
36 70
36 71
36 73
36 75
36 76
36 77
36 82
36 83
36 90
36 96
36 100
36 101
36 107
36 110
36 111
36 113
36 115
36 116
36 118
36 123
36 124
36 125
36 128
36 131
36 134
36 141
36 147
36 149
36 155
36 158
36 166
36 169
36 172
36 173
36 174
36 178
36 181
36 183
36 184
36 187
36 188
36 196
37 40
37 42
37 44
37 47
37 49
37 52
37 54
37 57
37 58
37 61
37 68
37 69
37 71
37 73
37 77
37 78
37 80
37 81
37 84
37 85
37 88
37 90
37 91
37 93
37 94
37 102
37 104
37 110
37 111
37 112
37 116
37 119
37 123
37 124
37 125
37 126
37 127
37 130
37 133
37 138
37 143
37 149
37 150
37 151
37 152
37 153
37 162
37 165
37 168
37 169
37 171
37 172
37 178
37 184
37 186
37 188
37 189
37 190
37 191
37 192
37 197
37 198
37 199
38 42
38 44
38 49
38 50
38 51
38 53
38 56
38 59
38 60
38 67
38 69
38 70
38 71
38 79
38 80
38 85
38 89
38 93
38 95
38 99
38 102
38 104
38 106
38 109
38 111
38 112
38 113
38 116
38 118
38 119
38 121
38 123
38 124
38 132
38 133
38 134
38 139
38 141
38 143
38 147
38 148
38 149
38 150
38 152
38 153
38 157
38 158
38 164
38 165
38 172
38 173
38 174
38 176
38 181
38 182
38 183
38 184
38 188
38 190
38 191
38 192
38 194
38 195
38 198
39 40
39 41
39 45
39 47
39 48
39 50
39 51
39 56
39 58
39 60
39 61
39 65
39 67
39 69
39 71
39 72
39 74
39 75
39 81
39 82
39 84
39 91
39 95
39 96
39 98
39 99
39 103
39 104
39 108
39 109
39 114
39 115
39 118
39 120
39 123
39 124
39 130
39 131
39 134
39 135
39 137
39 141
39 142
39 143
39 146
39 147
39 154
39 158
39 160
39 162
39 170
39 172
39 177
39 183
39 185
39 187
39 190
39 193
39 195
39 198
40 44
40 45
40 47
40 49
40 50
40 51
40 53
40 54
40 55
40 64
40 67
40 68
40 71
40 74
40 81
40 88
40 90
40 93
40 94
40 97
40 99
40 103
40 104
40 105
40 107
40 112
40 125
40 128
40 132
40 133
40 134
40 137
40 139
40 142
40 147
40 154
40 155
40 162
40 165
40 169
40 170
40 172
40 173
40 177
40 178
40 182
40 187
40 191
40 192
40 194
40 195
40 197
41 46
41 47
41 51
41 54
41 56
41 64
41 65
41 68
41 71
41 73
41 76
41 77
41 79
41 81
41 88
41 93
41 100
41 101
41 105
41 106
41 111
41 114
41 115
41 119
41 120
41 121
41 123
41 126
41 127
41 129
41 152
41 155
41 164
41 167
41 170
41 171
41 173
41 174
41 181
41 187
41 189
41 192
41 193
42 43
42 45
42 47
42 49
42 52
42 53
42 55
42 56
42 59
42 60
42 64
42 67
42 68
42 73
42 75
42 81
42 84
42 89
42 92
42 94
42 96
42 99
42 101
42 103
42 104
42 105
42 106
42 107
42 109
42 111
42 116
42 118
42 120
42 123
42 124
42 126
42 127
42 128
42 129
42 135
42 138
42 141
42 143
42 147
42 149
42 151
42 153
42 157
42 164
42 176
42 178
42 185
42 188
42 189
42 193
42 196
42 197
43 44
43 45
43 47
43 49
43 50
43 51
43 52
43 55
43 63
43 70
43 73
43 76
43 82
43 83
43 84
43 85
43 87
43 92
43 94
43 95
43 97
43 98
43 99
43 100
43 103
43 105
43 108
43 119
43 127
43 128
43 132
43 133
43 134
43 138
43 139
43 140
43 145
43 146
43 147
43 148
43 152
43 155
43 156
43 157
43 158
43 160
43 162
43 166
43 174
43 175
43 179
43 182
43 183
43 184
43 185
43 186
43 188
43 192
43 197
43 198
44 47
44 48
44 49
44 51
44 55
44 56
44 58
44 60
44 61
44 64
44 66
44 69
44 70
44 72
44 74
44 75
44 76
44 77
44 78
44 80
44 83
44 84
44 87
44 89
44 93
44 94
44 95
44 99
44 102
44 107
44 108
44 109
44 114
44 117
44 120
44 123
44 126
44 130
44 136
44 143
44 144
44 150
44 152
44 158
44 159
44 160
44 161
44 162
44 163
44 164
44 166
44 174
44 183
44 185
44 188
44 189
44 194
44 196
44 198
44 199
45 48
45 49
45 53
45 54
45 58
45 62
45 63
45 77
45 79
45 85
45 89
45 90
45 91
45 92
45 93
45 95
45 96
45 97
45 98
45 99
45 100
45 101
45 110
45 113
45 114
45 115
45 119
45 120
45 121
45 127
45 138
45 139
45 140
45 142
45 143
45 146
45 148
45 150
45 151
45 154
45 161
45 164
45 169
45 170
45 173
45 178
45 179
45 180
45 184
45 188
45 192
45 195
45 198
46 50
46 51
46 60
46 61
46 64
46 67
46 68
46 69
46 72
46 84
46 90
46 92
46 93
46 99
46 100
46 102
46 103
46 108
46 111
46 112
46 113
46 114
46 115
46 124
46 125
46 126
46 130
46 132
46 133
46 134
46 135
46 140
46 141
46 147
46 148
46 149
46 150
46 153
46 163
46 167
46 171
46 172
46 173
46 174
46 175
46 176
46 177
46 178
46 180
46 182
46 183
46 184
46 186
46 187
46 188
46 189
46 191
46 192
46 193
46 194
46 198
47 48
47 49
47 57
47 66
47 68
47 69
47 70
47 74
47 79
47 85
47 88
47 94
47 95
47 96
47 98
47 100
47 102
47 107
47 112
47 114
47 117
47 118
47 121
47 123
47 124
47 126
47 127
47 129
47 132
47 133
47 134
47 138
47 140
47 146
47 148
47 151
47 153
47 154
47 156
47 157
47 160
47 161
47 162
47 164
47 166
47 167
47 168
47 169
47 171
47 172
47 176
47 181
47 188
47 190
47 192
47 194
47 195
47 196
47 198
47 199
48 49
48 50
48 52
48 54
48 58
48 62
48 63
48 66
48 67
48 68
48 77
48 80
48 81
48 82
48 84
48 85
48 86
48 87
48 93
48 94
48 96
48 98
48 99
48 100
48 102
48 103
48 104
48 107
48 109
48 110
48 111
48 113
48 114
48 115
48 119
48 123
48 128
48 130
48 133
48 135
48 137
48 140
48 142
48 144
48 151
48 153
48 154
48 160
48 162
48 165
48 166
48 168
48 170
48 171
48 173
48 174
48 175
48 176
48 177
48 178
48 179
48 180
48 185
48 186
48 187
48 190
48 193
48 194
49 54
49 59
49 64
49 66
49 67
49 69
49 70
49 71
49 73
49 82
49 84
49 85
49 90
49 94
49 99
49 101
49 103
49 106
49 109
49 110
49 111
49 115
49 121
49 122
49 124
49 125
49 126
49 129
49 131
49 134
49 138
49 139
49 140
49 144
49 153
49 154
49 155
49 162
49 170
49 174
49 178
49 180
49 183
49 184
49 192
49 196
50 54
50 55
50 56
50 57
50 59
50 63
50 66
50 70
50 75
50 78
50 86
50 87
50 88
50 90
50 93
50 94
50 95
50 96
50 97
50 99
50 101
50 102
50 106
50 109
50 110
50 112
50 114
50 116
50 118
50 122
50 123
50 125
50 126
50 127
50 131
50 132
50 133
50 136
50 138
50 143
50 146
50 147
50 148
50 149
50 152
50 158
50 161
50 163
50 164
50 165
50 167
50 169
50 170
50 171
50 177
50 180
50 181
50 183
50 186
50 189
50 190
50 193
50 194
50 196
50 199
51 52
51 54
51 59
51 60
51 64
51 66
51 67
51 69
51 76
51 77
51 78
51 79
51 80
51 83
51 85
51 87
51 91
51 92
51 102
51 103
51 106
51 107
51 110
51 111
51 112
51 113
51 117
51 119
51 124
51 126
51 127
51 128
51 131
51 134
51 135
51 136
51 137
51 139
51 145
51 146
51 149
51 150
51 151
51 152
51 154
51 156
51 160
51 163
51 164
51 168
51 170
51 171
51 173
51 175
51 178
51 180
51 181
51 182
51 184
51 187
51 188
51 192
51 196
51 197
51 199
52 55
52 59
52 60
52 62
52 63
52 64
52 71
52 72
52 74
52 75
52 76
52 77
52 78
52 79
52 81
52 84
52 86
52 89
52 92
52 93
52 95
52 97
52 99
52 100
52 102
52 103
52 104
52 107
52 109
52 110
52 111
52 112
52 115
52 116
52 118
52 120
52 122
52 124
52 129
52 130
52 143
52 147
52 148
52 152
52 153
52 155
52 158
52 160
52 163
52 164
52 165
52 166
52 167
52 171
52 173
52 182
52 183
52 184
52 186
53 54
53 56
53 58
53 59
53 60
53 61
53 62
53 64
53 65
53 66
53 68
53 71
53 75
53 82
53 83
53 85
53 89
53 92
53 93
53 94
53 97
53 98
53 99
53 100
53 101
53 102
53 104
53 110
53 112
53 113
53 114
53 115
53 116
53 120
53 121
53 123
53 124
53 125
53 126
53 127
53 128
53 130
53 137
53 140
53 151
53 152
53 153
53 156
53 157
53 158
53 164
53 165
53 167
53 169
53 171
53 173
53 187
53 190
53 193
53 195
53 196
53 199
54 61
54 63
54 65
54 67
54 68
54 71
54 72
54 78
54 79
54 80
54 81
54 82
54 83
54 84
54 85
54 87
54 91
54 93
54 94
54 96
54 98
54 100
54 102
54 109
54 113
54 118
54 119
54 120
54 125
54 130
54 132
54 135
54 139
54 141
54 143
54 146
54 147
54 150
54 152
54 155
54 159
54 160
54 162
54 165
54 166
54 169
54 170
54 172
54 173
54 178
54 180
54 181
54 184
54 187
54 189
54 192
54 195
54 197
54 199
55 60
55 63
55 64
55 67
55 69
55 70
55 71
55 74
55 75
55 78
55 79
55 81
55 82
55 84
55 86
55 91
55 92
55 93
55 94
55 103
55 105
55 113
55 114
55 115
55 116
55 117
55 118
55 120
55 126
55 134
55 136
55 139
55 140
55 146
55 148
55 149
55 151
55 155
55 159
55 161
55 168
55 171
55 173
55 174
55 180
55 181
55 182
55 185
55 187
55 188
55 195
55 197
55 199
56 60
56 63
56 66
56 69
56 73
56 75
56 78
56 81
56 85
56 86
56 90
56 92
56 94
56 95
56 103
56 105
56 109
56 111
56 115
56 117
56 118
56 119
56 120
56 125
56 126
56 129
56 131
56 132
56 136
56 138
56 143
56 144
56 146
56 147
56 149
56 158
56 159
56 161
56 163
56 164
56 168
56 169
56 170
56 172
56 174
56 176
56 178
56 179
56 181
56 187
56 188
56 190
56 191
56 196
56 197
56 198
57 58
57 61
57 62
57 63
57 71
57 73
57 74
57 76
57 77
57 82
57 85
57 89
57 90
57 93
57 94
57 96
57 98
57 102
57 109
57 110
57 116
57 118
57 120
57 121
57 124
57 127
57 129
57 132
57 133
57 134
57 135
57 137
57 138
57 143
57 146
57 147
57 152
57 166
57 167
57 168
57 170
57 171
57 174
57 175
57 179
57 180
57 187
57 189
57 192
57 193
57 198
58 63
58 65
58 67
58 68
58 70
58 72
58 74
58 76
58 80
58 81
58 84
58 85
58 86
58 87
58 88
58 92
58 93
58 96
58 97
58 98
58 102
58 103
58 105
58 107
58 112
58 113
58 115
58 116
58 118
58 119
58 120
58 121
58 122
58 124
58 127
58 129
58 130
58 133
58 134
58 135
58 138
58 140
58 141
58 144
58 151
58 152
58 153
58 155
58 156
58 165
58 166
58 169
58 170
58 175
58 178
58 182
58 183
58 187
58 192
58 194
58 195
58 199
59 61
59 65
59 67
59 70
59 75
59 77
59 78
59 86
59 88
59 89
59 93
59 95
59 96
59 100
59 101
59 107
59 110
59 111
59 113
59 115
59 117
59 118
59 120
59 131
59 135
59 136
59 141
59 149
59 152
59 153
59 155
59 157
59 158
59 163
59 164
59 173
59 180
59 182
59 183
59 190
59 191
59 195
59 197
59 199
60 63
60 66
60 72
60 77
60 81
60 84
60 85
60 86
60 87
60 89
60 90
60 98
60 104
60 107
60 108
60 110
60 111
60 112
60 113
60 114
60 115
60 117
60 118
60 119
60 127
60 128
60 129
60 134
60 137
60 141
60 143
60 146
60 147
60 152
60 159
60 160
60 164
60 165
60 166
60 168
60 169
60 171
60 174
60 175
60 176
60 178
60 182
60 183
60 185
60 186
60 187
60 188
60 191
60 194
60 196
60 197
61 62
61 64
61 65
61 66
61 68
61 71
61 74
61 82
61 85
61 86
61 88
61 91
61 93
61 100
61 105
61 108
61 110
61 114
61 115
61 116
61 117
61 122
61 124
61 125
61 128
61 131
61 133
61 134
61 136
61 138
61 139
61 140
61 143
61 145
61 146
61 147
61 151
61 153
61 160
61 163
61 167
61 168
61 170
61 172
61 173
61 174
61 175
61 178
61 180
61 182
61 184
61 185
61 186
61 191
61 193
61 198
61 199
62 64
62 66
62 68
62 69
62 70
62 71
62 75
62 76
62 77
62 78
62 79
62 81
62 82
62 85
62 86
62 87
62 90
62 94
62 100
62 101
62 102
62 105
62 106
62 111
62 113
62 115
62 116
62 118
62 119
62 122
62 123
62 125
62 127
62 128
62 130
62 131
62 133
62 135
62 136
62 141
62 142
62 143
62 144
62 147
62 148
62 154
62 155
62 157
62 159
62 161
62 165
62 166
62 177
62 179
62 180
62 183
62 184
62 185
62 186
62 187
62 190
62 195
62 199
63 64
63 66
63 67
63 69
63 72
63 74
63 75
63 77
63 80
63 81
63 82
63 90
63 91
63 92
63 99
63 102
63 103
63 104
63 106
63 108
63 109
63 111
63 114
63 116
63 121
63 123
63 132
63 133
63 141
63 144
63 146
63 150
63 154
63 157
63 161
63 162
63 163
63 164
63 169
63 172
63 174
63 175
63 176
63 179
63 180
63 181
63 182
63 184
63 185
63 189
63 190
63 192
63 194
63 199
64 65
64 66
64 68
64 69
64 70
64 72
64 73
64 74
64 77
64 79
64 80
64 82
64 85
64 89
64 90
64 91
64 93
64 94
64 96
64 98
64 99
64 101
64 102
64 105
64 108
64 111
64 113
64 114
64 116
64 117
64 124
64 126
64 129
64 134
64 136
64 138
64 139
64 141
64 144
64 149
64 150
64 152
64 155
64 156
64 157
64 160
64 161
64 164
64 167
64 168
64 183
64 184
64 187
64 189
64 191
64 192
64 193
64 197
64 198
65 66
65 71
65 75
65 77
65 78
65 83
65 85
65 88
65 89
65 90
65 94
65 98
65 100
65 101
65 104
65 105
65 106
65 108
65 111
65 113
65 116
65 118
65 124
65 125
65 130
65 133
65 146
65 149
65 150
65 151
65 155
65 158
65 159
65 164
65 165
65 169
65 170
65 175
65 178
65 180
65 187
65 188
65 192
65 193
65 194
65 195
65 196
65 198
66 67
66 68
66 70
66 71
66 72
66 73
66 87
66 88
66 90
66 91
66 92
66 96
66 98
66 101
66 103
66 105
66 106
66 108
66 112
66 113
66 116
66 122
66 123
66 128
66 129
66 130
66 135
66 136
66 137
66 140
66 141
66 142
66 143
66 145
66 148
66 150
66 153
66 155
66 158
66 160
66 161
66 162
66 164
66 165
66 166
66 167
66 170
66 172
66 173
66 174
66 180
66 181
66 184
66 186
66 187
66 188
66 189
66 193
66 194
66 196
66 198
67 71
67 72
67 74
67 79
67 80
67 81
67 82
67 87
67 90
67 92
67 93
67 94
67 97
67 100
67 104
67 106
67 107
67 109
67 112
67 117
67 123
67 125
67 132
67 137
67 138
67 143
67 145
67 146
67 151
67 156
67 158
67 160
67 161
67 165
67 167
67 170
67 172
67 178
67 186
67 193
67 194
67 196
68 70
68 75
68 76
68 78
68 81
68 84
68 89
68 90
68 94
68 97
68 98
68 103
68 105
68 109
68 111
68 114
68 117
68 120
68 121
68 127
68 130
68 134
68 137
68 138
68 139
68 140
68 142
68 143
68 144
68 145
68 146
68 147
68 148
68 152
68 153
68 156
68 158
68 159
68 163
68 165
68 167
68 171
68 173
68 174
68 179
68 180
68 181
68 184
68 191
68 192
68 195
68 198
69 72
69 77
69 81
69 82
69 89
69 90
69 91
69 93
69 95
69 96
69 98
69 100
69 102
69 106
69 108
69 109
69 115
69 116
69 118
69 119
69 120
69 121
69 128
69 129
69 135
69 138
69 139
69 142
69 145
69 151
69 153
69 154
69 157
69 160
69 169
69 170
69 174
69 175
69 176
69 178
69 181
69 182
69 183
69 185
69 188
69 191
69 195
69 199
70 72
70 75
70 80
70 81
70 82
70 85
70 89
70 90
70 95
70 99
70 104
70 106
70 115
70 124
70 128
70 130
70 133
70 134
70 137
70 142
70 143
70 146
70 149
70 151
70 157
70 160
70 161
70 163
70 170
70 172
70 177
70 179
70 180
70 182
70 183
70 184
70 186
70 188
70 195
70 197
70 199
71 74
71 79
71 80
71 82
71 84
71 87
71 88
71 89
71 91
71 92
71 96
71 97
71 100
71 101
71 104
71 107
71 109
71 111
71 113
71 117
71 118
71 119
71 121
71 126
71 129
71 132
71 135
71 136
71 137
71 140
71 141
71 145
71 149
71 153
71 155
71 156
71 157
71 159
71 161
71 162
71 175
71 176
71 178
71 180
71 182
71 183
71 185
71 186
71 187
71 188
71 189
71 192
71 193
71 194
71 195
71 196
71 197
71 198
71 199
72 77
72 78
72 82
72 83
72 87
72 88
72 92
72 94
72 97
72 99
72 101
72 105
72 108
72 110
72 111
72 112
72 113
72 114
72 118
72 121
72 122
72 124
72 125
72 129
72 130
72 131
72 132
72 139
72 143
72 144
72 150
72 151
72 152
72 154
72 155
72 158
72 159
72 161
72 165
72 166
72 168
72 169
72 172
72 174
72 175
72 177
72 181
72 183
72 185
72 187
72 188
72 193
72 195
72 196
73 74
73 79
73 80
73 81
73 82
73 85
73 86
73 87
73 88
73 90
73 91
73 92
73 93
73 94
73 96
73 98
73 102
73 104
73 105
73 108
73 112
73 115
73 120
73 121
73 122
73 123
73 126
73 127
73 129
73 133
73 135
73 136
73 137
73 143
73 144
73 145
73 148
73 150
73 160
73 163
73 168
73 171
73 172
73 179
73 183
73 186
73 187
73 189
73 191
73 194
73 195
73 196
73 198
74 77
74 79
74 80
74 83
74 84
74 87
74 93
74 94
74 95
74 96
74 101
74 102
74 103
74 104
74 105
74 108
74 109
74 111
74 114
74 116
74 119
74 122
74 124
74 125
74 126
74 130
74 133
74 137
74 138
74 143
74 144
74 145
74 147
74 148
74 153
74 154
74 155
74 160
74 165
74 167
74 168
74 175
74 176
74 181
74 183
74 184
74 185
74 187
74 189
74 191
74 192
74 194
74 198
74 199
75 77
75 79
75 81
75 85
75 89
75 91
75 92
75 93
75 97
75 100
75 103
75 106
75 107
75 109
75 111
75 113
75 116
75 119
75 121
75 123
75 125
75 126
75 130
75 134
75 136
75 137
75 141
75 143
75 146
75 149
75 152
75 156
75 166
75 167
75 168
75 170
75 172
75 173
75 175
75 176
75 178
75 179
75 182
75 192
75 193
76 82
76 86
76 87
76 89
76 91
76 92
76 94
76 96
76 100
76 101
76 103
76 104
76 108
76 109
76 112
76 113
76 114
76 117
76 123
76 125
76 126
76 127
76 128
76 129
76 130
76 134
76 135
76 136
76 139
76 143
76 144
76 145
76 150
76 151
76 153
76 155
76 156
76 161
76 162
76 164
76 165
76 167
76 171
76 172
76 173
76 176
76 179
76 182
76 184
76 187
76 191
76 195
76 196
76 197
76 198
77 78
77 80
77 86
77 89
77 92
77 93
77 94
77 95
77 97
77 105
77 109
77 110
77 115
77 117
77 119
77 122
77 123
77 124
77 125
77 128
77 129
77 131
77 134
77 136
77 143
77 145
77 148
77 149
77 151
77 152
77 153
77 157
77 160
77 164
77 167
77 168
77 172
77 175
77 177
77 179
77 182
77 183
77 186
77 191
77 194
77 199
78 81
78 82
78 85
78 88
78 89
78 101
78 103
78 104
78 106
78 108
78 112
78 115
78 116
78 117
78 119
78 126
78 127
78 130
78 133
78 134
78 135
78 137
78 138
78 143
78 144
78 145
78 149
78 153
78 154
78 155
78 157
78 162
78 166
78 167
78 168
78 169
78 176
78 178
78 180
78 182
78 183
78 184
78 185
78 186
78 187
78 190
78 193
78 195
78 199
79 83
79 85
79 86
79 87
79 90
79 93
79 96
79 97
79 99
79 101
79 104
79 106
79 108
79 110
79 111
79 114
79 115
79 118
79 121
79 122
79 123
79 129
79 131
79 132
79 137
79 139
79 140
79 143
79 144
79 145
79 147
79 148
79 152
79 153
79 154
79 159
79 160
79 161
79 162
79 167
79 174
79 177
79 185
79 186
79 188
79 189
79 195
79 196
79 199
80 81
80 83
80 84
80 86
80 89
80 92
80 93
80 94
80 95
80 97
80 99
80 105
80 106
80 107
80 108
80 115
80 117
80 118
80 120
80 121
80 122
80 124
80 125
80 127
80 130
80 133
80 139
80 142
80 143
80 144
80 145
80 149
80 150
80 157
80 158
80 161
80 165
80 166
80 168
80 170
80 171
80 172
80 177
80 179
80 180
80 182
80 185
80 186
80 189
80 190
80 191
80 193
80 194
80 198
81 83
81 85
81 88
81 90
81 91
81 93
81 96
81 97
81 99
81 100
81 106
81 108
81 109
81 110
81 111
81 112
81 113
81 114
81 115
81 116
81 120
81 121
81 127
81 128
81 132
81 134
81 139
81 140
81 142
81 144
81 146
81 149
81 161
81 166
81 168
81 169
81 176
81 177
81 178
81 179
81 181
81 185
81 188
81 189
81 190
81 192
81 193
81 196
81 197
81 198
82 83
82 85
82 86
82 90
82 95
82 96
82 99
82 101
82 104
82 105
82 106
82 107
82 108
82 114
82 116
82 117
82 121
82 123
82 129
82 131
82 135
82 137
82 138
82 140
82 145
82 148
82 149
82 150
82 157
82 158
82 159
82 161
82 162
82 163
82 165
82 168
82 171
82 172
82 174
82 179
82 182
82 185
82 186
82 187
82 189
82 192
82 193
82 194
82 196
83 84
83 85
83 86
83 87
83 88
83 89
83 91
83 92
83 93
83 97
83 100
83 101
83 106
83 110
83 113
83 114
83 124
83 126
83 127
83 129
83 131
83 132
83 133
83 135
83 148
83 149
83 151
83 154
83 156
83 157
83 163
83 166
83 167
83 171
83 177
83 179
83 181
83 182
83 185
83 186
83 187
83 190
83 193
83 195
83 197
84 85
84 87
84 90
84 92
84 94
84 95
84 96
84 97
84 98
84 104
84 109
84 111
84 116
84 117
84 118
84 121
84 122
84 125
84 128
84 129
84 132
84 136
84 138
84 139
84 140
84 141
84 145
84 152
84 155
84 160
84 164
84 171
84 176
84 178
84 179
84 180
84 181
84 183
84 184
84 190
84 191
84 192
84 193
84 195
84 196
84 198
84 199
85 87
85 89
85 90
85 95
85 97
85 99
85 101
85 105
85 107
85 109
85 112
85 113
85 118
85 119
85 121
85 123
85 124
85 125
85 126
85 129
85 135
85 137
85 138
85 139
85 141
85 143
85 146
85 149
85 151
85 152
85 154
85 157
85 159
85 162
85 164
85 165
85 168
85 170
85 171
85 173
85 176
85 181
85 182
85 183
85 184
85 187
85 189
85 192
85 199
86 89
86 90
86 93
86 94
86 98
86 100
86 104
86 105
86 108
86 115
86 118
86 119
86 122
86 126
86 128
86 129
86 135
86 141
86 142
86 146
86 147
86 156
86 157
86 159
86 161
86 164
86 165
86 168
86 176
86 180
86 181
86 184
86 188
86 189
86 191
86 193
86 196
87 92
87 94
87 96
87 98
87 99
87 102
87 103
87 104
87 107
87 108
87 113
87 114
87 115
87 117
87 118
87 123
87 125
87 127
87 129
87 130
87 133
87 134
87 140
87 142
87 145
87 149
87 150
87 154
87 155
87 157
87 158
87 160
87 162
87 163
87 164
87 171
87 172
87 177
87 179
87 181
87 182
87 194
87 198
87 199
88 91
88 93
88 94
88 95
88 96
88 99
88 100
88 105
88 106
88 107
88 108
88 112
88 115
88 117
88 118
88 119
88 121
88 124
88 126
88 127
88 132
88 134
88 135
88 137
88 139
88 140
88 141
88 143
88 145
88 147
88 149
88 155
88 156
88 158
88 160
88 161
88 164
88 166
88 167
88 168
88 169
88 170
88 175
88 176
88 177
88 178
88 179
88 180
88 183
88 185
88 187
88 189
88 190
88 191
88 193
88 194
88 197
89 91
89 94
89 98
89 103
89 104
89 105
89 110
89 111
89 116
89 119
89 120
89 121
89 122
89 126
89 128
89 129
89 132
89 136
89 137
89 138
89 139
89 144
89 146
89 151
89 153
89 154
89 155
89 157
89 161
89 164
89 165
89 167
89 169
89 170
89 172
89 174
89 177
89 178
89 184
89 185
89 186
89 188
89 189
89 190
89 192
89 194
89 197
90 91
90 95
90 96
90 97
90 98
90 101
90 103
90 104
90 106
90 110
90 111
90 115
90 116
90 117
90 119
90 121
90 122
90 123
90 126
90 127
90 129
90 132
90 137
90 138
90 141
90 142
90 143
90 144
90 146
90 148
90 149
90 151
90 152
90 154
90 156
90 157
90 159
90 160
90 162
90 170
90 171
90 175
90 176
90 177
90 183
90 189
90 192
90 193
90 195
90 196
91 94
91 97
91 104
91 107
91 109
91 113
91 114
91 118
91 119
91 120
91 121
91 122
91 124
91 126
91 131
91 133
91 138
91 143
91 144
91 146
91 148
91 150
91 152
91 154
91 156
91 158
91 160
91 163
91 164
91 166
91 167
91 169
91 172
91 173
91 174
91 180
91 183
91 185
91 187
91 191
91 193
91 194
91 197
91 198
92 93
92 95
92 97
92 101
92 102
92 103
92 107
92 111
92 112
92 113
92 114
92 122
92 124
92 125
92 126
92 127
92 128
92 133
92 134
92 135
92 136
92 137
92 141
92 143
92 144
92 151
92 154
92 155
92 156
92 159
92 160
92 163
92 165
92 168
92 170
92 173
92 175
92 176
92 177
92 181
92 184
92 194
93 94
93 95
93 96
93 97
93 103
93 104
93 106
93 110
93 116
93 120
93 121
93 122
93 127
93 128
93 129
93 131
93 132
93 135
93 137
93 140
93 143
93 149
93 152
93 153
93 154
93 160
93 161
93 163
93 165
93 166
93 169
93 171
93 175
93 176
93 177
93 180
93 182
93 192
93 193
93 194
93 195
93 199
94 96
94 97
94 98
94 101
94 102
94 108
94 110
94 111
94 115
94 118
94 119
94 120
94 122
94 123
94 124
94 128
94 130
94 132
94 135
94 136
94 138
94 139
94 146
94 147
94 149
94 152
94 156
94 157
94 158
94 159
94 161
94 162
94 166
94 172
94 174
94 179
94 182
94 183
94 185
94 186
94 187
94 188
94 189
94 190
94 193
94 197
94 199
95 96
95 101
95 102
95 103
95 104
95 105
95 106
95 107
95 108
95 109
95 110
95 113
95 115
95 119
95 120
95 123
95 124
95 127
95 128
95 130
95 136
95 137
95 138
95 144
95 146
95 147
95 148
95 150
95 152
95 156
95 158
95 160
95 161
95 162
95 163
95 170
95 171
95 172
95 173
95 175
95 176
95 178
95 183
95 184
95 186
95 187
95 188
95 189
95 190
95 196
95 197
95 198
95 199
96 109
96 114
96 116
96 119
96 121
96 122
96 126
96 127
96 132
96 136
96 140
96 141
96 142
96 143
96 144
96 145
96 147
96 148
96 149
96 150
96 152
96 153
96 154
96 160
96 161
96 162
96 164
96 165
96 166
96 167
96 172
96 175
96 177
96 179
96 186
96 189
96 193
96 194
96 196
96 198
97 98
97 100
97 102
97 106
97 107
97 110
97 113
97 115
97 116
97 117
97 120
97 121
97 125
97 126
97 128
97 130
97 132
97 133
97 135
97 139
97 140
97 143
97 147
97 149
97 152
97 154
97 155
97 157
97 158
97 161
97 162
97 163
97 164
97 165
97 167
97 172
97 176
97 178
97 179
97 181
97 182
97 185
97 191
97 193
97 195
97 197
97 198
97 199
98 100
98 102
98 106
98 107
98 110
98 114
98 116
98 118
98 119
98 122
98 124
98 129
98 132
98 137
98 138
98 143
98 144
98 145
98 148
98 149
98 150
98 151
98 153
98 160
98 166
98 167
98 168
98 170
98 174
98 175
98 179
98 186
98 187
98 189
98 192
98 193
98 196
99 102
99 104
99 107
99 108
99 109
99 111
99 113
99 116
99 117
99 118
99 119
99 121
99 123
99 128
99 129
99 130
99 131
99 132
99 133
99 145
99 146
99 147
99 150
99 152
99 154
99 155
99 157
99 161
99 162
99 165
99 166
99 168
99 169
99 170
99 174
99 175
99 177
99 178
99 182
99 184
99 188
99 189
99 190
99 193
99 194
99 197
99 198
100 101
100 102
100 103
100 105
100 106
100 108
100 111
100 112
100 114
100 116
100 120
100 122
100 124
100 126
100 127
100 128
100 129
100 130
100 131
100 133
100 134
100 135
100 139
100 143
100 146
100 148
100 151
100 152
100 154
100 156
100 157
100 158
100 160
100 164
100 165
100 166
100 168
100 169
100 177
100 178
100 179
100 181
100 182
100 183
100 184
100 185
100 186
100 187
100 188
100 198
100 199
101 103
101 110
101 111
101 114
101 115
101 118
101 119
101 120
101 121
101 123
101 124
101 125
101 132
101 138
101 145
101 146
101 147
101 149
101 150
101 153
101 154
101 156
101 157
101 158
101 159
101 160
101 164
101 166
101 168
101 169
101 170
101 171
101 183
101 185
101 190
101 191
101 192
101 195
101 196
101 198
101 199
102 104
102 106
102 109
102 112
102 113
102 114
102 115
102 116
102 125
102 126
102 127
102 135
102 138
102 142
102 147
102 149
102 152
102 155
102 156
102 158
102 160
102 161
102 162
102 163
102 165
102 180
102 181
102 188
102 189
102 191
102 193
102 194
102 195
102 199
103 104
103 107
103 110
103 113
103 115
103 116
103 117
103 118
103 119
103 121
103 124
103 125
103 126
103 129
103 130
103 133
103 139
103 146
103 147
103 149
103 153
103 154
103 159
103 163
103 168
103 171
103 172
103 175
103 176
103 177
103 180
103 189
103 191
103 195
104 105
104 111
104 113
104 117
104 120
104 124
104 125
104 127
104 129
104 137
104 139
104 140
104 143
104 147
104 151
104 153
104 154
104 158
104 160
104 161
104 162
104 163
104 164
104 167
104 168
104 175
104 177
104 178
104 181
104 185
104 186
104 187
104 188
104 190
104 191
104 194
104 195
104 196
104 198
105 106
105 107
105 108
105 109
105 110
105 112
105 115
105 119
105 123
105 126
105 127
105 129
105 130
105 131
105 132
105 133
105 137
105 138
105 146
105 148
105 154
105 156
105 157
105 161
105 162
105 163
105 165
105 166
105 167
105 169
105 172
105 173
105 176
105 178
105 180
105 182
105 183
105 185
105 186
105 187
105 188
105 189
105 191
105 192
105 193
105 195
105 198
106 107
106 109
106 110
106 112
106 113
106 114
106 115
106 116
106 118
106 119
106 120
106 121
106 122
106 124
106 131
106 132
106 136
106 137
106 142
106 144
106 145
106 146
106 150
106 151
106 153
106 155
106 156
106 159
106 161
106 162
106 163
106 165
106 166
106 168
106 169
106 173
106 175
106 176
106 177
106 179
106 180
106 181
106 183
106 185
106 188
106 197
106 198
107 111
107 115
107 116
107 117
107 118
107 119
107 120
107 123
107 124
107 127
107 129
107 131
107 132
107 135
107 139
107 141
107 145
107 147
107 148
107 151
107 152
107 154
107 155
107 156
107 157
107 164
107 165
107 167
107 168
107 169
107 176
107 179
107 184
107 185
107 186
107 188
107 189
107 192
107 194
107 195
107 198
107 199
108 113
108 120
108 128
108 130
108 131
108 134
108 136
108 137
108 141
108 142
108 143
108 149
108 150
108 153
108 160
108 166
108 168
108 169
108 172
108 173
108 178
108 184
108 187
108 189
108 194
108 198
109 118
109 122
109 124
109 127
109 128
109 131
109 136
109 137
109 138
109 140
109 141
109 146
109 147
109 148
109 151
109 159
109 162
109 165
109 166
109 169
109 170
109 171
109 178
109 190
109 191
109 195
109 198
110 111
110 113
110 114
110 115
110 118
110 119
110 120
110 122
110 128
110 129
110 130
110 131
110 133
110 134
110 135
110 140
110 141
110 144
110 151
110 153
110 156
110 158
110 162
110 167
110 168
110 172
110 174
110 175
110 176
110 179
110 185
110 186
110 190
110 192
110 193
110 197
110 198
110 199
111 116
111 119
111 120
111 121
111 124
111 135
111 139
111 140
111 142
111 144
111 146
111 148
111 150
111 151
111 152
111 156
111 157
111 158
111 160
111 162
111 165
111 166
111 167
111 169
111 171
111 180
111 181
111 182
111 188
111 189
111 190
111 191
111 193
111 197
111 199
112 113
112 114
112 117
112 118
112 119
112 121
112 122
112 123
112 126
112 131
112 133
112 135
112 136
112 139
112 143
112 144
112 147
112 153
112 157
112 163
112 165
112 166
112 171
112 172
112 173
112 174
112 175
112 176
112 178
112 181
112 185
112 187
112 190
112 191
112 194
112 198
113 115
113 116
113 118
113 123
113 126
113 127
113 129
113 130
113 136
113 138
113 142
113 144
113 145
113 146
113 147
113 150
113 151
113 152
113 159
113 160
113 166
113 171
113 173
113 174
113 179
113 180
113 181
113 185
113 186
113 187
113 190
113 196
113 197
114 117
114 121
114 123
114 124
114 125
114 128
114 129
114 132
114 134
114 138
114 139
114 143
114 146
114 150
114 153
114 155
114 156
114 158
114 161
114 162
114 164
114 165
114 169
114 171
114 173
114 174
114 176
114 177
114 180
114 185
114 188
114 194
114 195
114 197
115 121
115 124
115 127
115 129
115 130
115 131
115 133
115 134
115 138
115 142
115 145
115 146
115 153
115 158
115 161
115 162
115 165
115 168
115 170
115 171
115 172
115 174
115 175
115 184
115 185
115 186
115 188
115 191
115 196
115 198
116 119
116 120
116 122
116 127
116 130
116 134
116 135
116 136
116 139
116 140
116 141
116 148
116 150
116 151
116 152
116 156
116 158
116 163
116 164
116 167
116 168
116 169
116 178
116 181
116 182
116 184
116 186
116 190
116 191
116 197
116 198
116 199
117 119
117 121
117 123
117 124
117 131
117 134
117 137
117 142
117 147
117 148
117 156
117 157
117 161
117 166
117 178
117 180
117 181
117 182
117 184
117 191
117 198
118 119
118 130
118 134
118 136
118 137
118 139
118 140
118 142
118 145
118 146
118 147
118 149
118 156
118 157
118 163
118 168
118 175
118 176
118 179
118 180
118 185
118 186
118 190
118 191
118 194
118 196
118 198
118 199
119 120
119 121
119 122
119 124
119 133
119 136
119 140
119 141
119 142
119 147
119 150
119 158
119 160
119 164
119 168
119 171
119 172
119 173
119 174
119 176
119 177
119 179
119 181
119 182
119 183
119 185
119 186
119 188
119 191
119 192
120 121
120 125
120 126
120 129
120 137
120 139
120 141
120 144
120 148
120 153
120 156
120 157
120 158
120 159
120 164
120 165
120 168
120 172
120 176
120 179
120 184
120 185
120 187
120 189
120 191
120 195
120 199
121 122
121 125
121 126
121 127
121 128
121 131
121 134
121 135
121 136
121 139
121 146
121 152
121 154
121 155
121 156
121 157
121 158
121 159
121 160
121 162
121 168
121 171
121 172
121 173
121 181
121 182
121 185
121 186
121 187
121 188
121 191
121 193
121 194
121 195
121 199
122 123
122 124
122 125
122 127
122 128
122 134
122 135
122 136
122 138
122 139
122 143
122 146
122 150
122 154
122 157
122 160
122 161
122 162
122 163
122 168
122 169
122 172
122 173
122 174
122 177
122 178
122 181
122 183
122 188
122 190
122 194
122 196
122 197
123 124
123 126
123 127
123 133
123 138
123 139
123 140
123 143
123 145
123 148
123 149
123 151
123 153
123 160
123 167
123 168
123 170
123 175
123 176
123 178
123 180
123 181
123 194
123 196
123 197
123 198
124 126
124 131
124 132
124 135
124 137
124 140
124 142
124 143
124 146
124 158
124 159
124 162
124 166
124 169
124 172
124 178
124 179
124 183
124 186
124 189
124 190
124 191
124 194
124 195
124 197
124 198
125 129
125 131
125 132
125 133
125 135
125 136
125 137
125 138
125 141
125 143
125 144
125 146
125 149
125 150
125 152
125 155
125 159
125 160
125 163
125 176
125 180
125 181
125 183
125 184
125 188
125 192
125 193
125 195
125 197
125 199
126 131
126 132
126 133
126 135
126 136
126 137
126 138
126 139
126 143
126 145
126 146
126 151
126 154
126 157
126 159
126 163
126 165
126 167
126 168
126 169
126 172
126 173
126 174
126 176
126 178
126 182
126 183
126 184
126 191
126 193
126 196
126 198
127 129
127 132
127 136
127 142
127 144
127 146
127 155
127 160
127 163
127 167
127 169
127 174
127 177
127 180
127 181
127 182
127 184
127 185
127 187
127 189
127 190
127 193
127 195
127 197
127 198
128 130
128 131
128 132
128 135
128 138
128 141
128 142
128 143
128 144
128 145
128 146
128 148
128 149
128 152
128 154
128 155
128 162
128 165
128 167
128 171
128 172
128 177
128 183
128 184
128 187
128 198
129 134
129 135
129 138
129 140
129 141
129 146
129 151
129 152
129 155
129 160
129 162
129 163
129 164
129 166
129 167
129 169
129 170
129 173
129 176
129 177
129 178
129 179
129 185
129 186
129 187
129 189
129 192
129 194
129 197
129 198
129 199
130 131
130 132
130 138
130 141
130 143
130 146
130 147
130 152
130 153
130 154
130 164
130 165
130 168
130 169
130 171
130 172
130 176
130 179
130 180
130 181
130 184
130 186
130 187
130 188
130 189
130 190
130 192
130 193
130 194
130 198
130 199
131 133
131 134
131 135
131 138
131 139
131 141
131 142
131 144
131 145
131 146
131 147
131 149
131 150
131 152
131 153
131 156
131 157
131 161
131 167
131 168
131 173
131 174
131 178
131 179
131 180
131 182
131 184
131 188
131 189
131 190
131 193
131 198
132 134
132 135
132 136
132 141
132 142
132 144
132 145
132 146
132 147
132 153
132 154
132 159
132 161
132 162
132 168
132 169
132 170
132 171
132 175
132 177
132 179
132 180
132 184
132 189
132 190
132 193
132 198
133 134
133 135
133 138
133 140
133 141
133 143
133 144
133 147
133 149
133 150
133 153
133 161
133 162
133 164
133 165
133 166
133 168
133 170
133 172
133 176
133 179
133 180
133 181
133 182
133 183
133 185
133 190
133 195
133 196
133 197
134 136
134 137
134 139
134 144
134 145
134 147
134 150
134 152
134 153
134 157
134 158
134 159
134 162
134 165
134 166
134 167
134 169
134 170
134 171
134 178
134 180
134 183
134 184
134 186
134 187
134 188
134 193
134 194
134 195
134 196
134 197
135 136
135 137
135 142
135 143
135 144
135 151
135 152
135 154
135 157
135 160
135 163
135 164
135 165
135 166
135 167
135 168
135 171
135 172
135 173
135 177
135 181
135 186
135 188
135 191
135 192
135 193
135 194
135 195
135 196
135 197
135 198
136 138
136 139
136 141
136 142
136 143
136 145
136 146
136 148
136 149
136 151
136 152
136 153
136 154
136 155
136 157
136 160
136 162
136 163
136 165
136 166
136 167
136 169
136 175
136 176
136 178
136 184
136 185
136 189
136 190
136 193
136 194
136 196
136 197
136 199
137 139
137 143
137 150
137 157
137 160
137 161
137 164
137 171
137 172
137 178
137 183
137 187
137 188
137 192
137 196
137 197
137 198
137 199
138 141
138 142
138 144
138 146
138 147
138 148
138 150
138 151
138 152
138 153
138 154
138 158
138 159
138 161
138 166
138 167
138 172
138 175
138 176
138 184
138 185
138 186
138 187
138 188
138 191
138 192
138 193
138 197
139 140
139 141
139 143
139 148
139 149
139 150
139 154
139 162
139 164
139 167
139 178
139 180
139 182
139 183
139 185
139 188
139 189
139 192
139 193
139 197
140 145
140 150
140 151
140 157
140 160
140 161
140 166
140 170
140 175
140 181
140 182
140 183
140 186
140 188
140 197
140 198
141 142
141 147
141 148
141 149
141 150
141 152
141 154
141 157
141 158
141 159
141 161
141 164
141 166
141 167
141 168
141 170
141 174
141 175
141 176
141 184
141 185
141 186
141 187
141 189
141 191
141 192
141 197
141 198
141 199
142 145
142 148
142 149
142 152
142 153
142 155
142 161
142 165
142 167
142 169
142 170
142 171
142 175
142 180
142 183
142 186
142 194
142 196
143 146
143 147
143 149
143 152
143 154
143 156
143 159
143 162
143 166
143 169
143 173
143 174
143 176
143 189
143 192
143 195
143 196
144 145
144 147
144 151
144 157
144 170
144 171
144 179
144 180
144 185
144 186
144 193
144 194
144 195
144 197
144 198
144 199
145 146
145 148
145 149
145 150
145 157
145 168
145 172
145 173
145 179
145 181
145 184
145 185
145 187
145 188
145 190
145 192
145 194
145 198
146 150
146 151
146 156
146 157
146 160
146 161
146 163
146 167
146 170
146 173
146 177
146 179
146 184
146 187
146 190
146 192
146 193
146 194
146 197
146 199
147 149
147 150
147 156
147 162
147 163
147 164
147 165
147 169
147 170
147 172
147 176
147 177
147 181
147 183
147 185
147 189
147 192
147 193
147 195
147 197
148 150
148 155
148 156
148 158
148 160
148 162
148 170
148 172
148 181
148 184
148 187
148 192
148 194
148 199
149 151
149 153
149 155
149 157
149 158
149 160
149 161
149 162
149 165
149 170
149 172
149 173
149 174
149 176
149 177
149 178
149 180
149 181
149 186
149 188
149 197
149 199
150 154
150 157
150 159
150 161
150 164
150 168
150 172
150 174
150 178
150 180
150 181
150 183
150 186
150 187
150 188
150 189
150 190
150 193
150 194
150 196
150 199
151 152
151 155
151 156
151 162
151 163
151 164
151 167
151 168
151 170
151 172
151 173
151 174
151 177
151 182
151 183
151 184
151 185
151 186
151 188
151 189
151 196
152 156
152 157
152 158
152 161
152 165
152 171
152 172
152 173
152 177
152 178
152 180
152 181
152 182
152 183
152 191
152 193
152 194
152 196
152 199
153 156
153 157
153 165
153 168
153 171
153 174
153 176
153 177
153 178
153 179
153 180
153 184
153 186
153 188
153 190
153 195
153 197
153 198
153 199
154 157
154 158
154 159
154 163
154 167
154 170
154 173
154 180
154 181
154 184
154 185
154 186
154 188
154 190
154 192
154 194
154 197
155 158
155 160
155 162
155 166
155 167
155 174
155 175
155 180
155 188
155 190
155 192
155 193
156 158
156 160
156 162
156 163
156 164
156 166
156 167
156 169
156 172
156 173
156 174
156 177
156 182
156 184
156 186
156 187
156 189
156 196
157 159
157 162
157 165
157 167
157 178
157 179
157 182
157 188
157 189
157 190
157 193
157 195
157 196
157 197
157 198
158 159
158 161
158 163
158 165
158 170
158 171
158 174
158 176
158 179
158 180
158 181
158 182
158 185
158 186
158 189
158 191
158 193
158 195
158 196
158 198
158 199
159 160
159 162
159 164
159 165
159 168
159 172
159 174
159 177
159 186
159 194
159 195
159 196
159 198
159 199
160 164
160 167
160 169
160 171
160 172
160 178
160 179
160 181
160 182
160 184
160 187
160 190
160 191
160 195
160 196
161 162
161 163
161 167
161 170
161 172
161 173
161 179
161 181
161 182
161 183
161 185
161 186
161 189
161 191
161 192
161 194
161 195
161 198
161 199
162 163
162 167
162 169
162 171
162 173
162 174
162 176
162 177
162 180
162 183
162 184
162 185
162 188
162 189
162 192
162 195
162 198
163 164
163 165
163 167
163 176
163 177
163 181
163 182
163 185
163 187
163 189
163 191
163 196
163 198
163 199
164 168
164 170
164 175
164 179
164 182
164 183
164 184
164 185
164 193
164 197
164 198
164 199
165 167
165 169
165 174
165 175
165 176
165 178
165 179
165 181
165 182
165 183
165 185
165 188
165 190
165 192
165 194
165 197
165 199
166 168
166 173
166 176
166 178
166 179
166 181
166 182
166 184
166 186
166 189
166 191
166 192
166 195
166 196
166 197
167 168
167 170
167 171
167 175
167 176
167 184
167 188
167 189
167 191
167 192
167 193
167 198
168 178
168 179
168 182
168 184
168 185
168 188
168 189
168 190
168 192
168 193
168 198
168 199
169 171
169 176
169 177
169 178
169 181
169 183
169 186
169 188
169 192
169 194
169 195
169 196
170 177
170 183
170 184
170 189
170 192
170 196
170 197
171 173
171 174
171 175
171 178
171 180
171 182
171 183
171 187
171 188
171 189
171 190
171 194
171 197
171 198
172 173
172 174
172 184
172 187
172 191
172 197
172 198
173 174
173 177
173 178
173 181
173 182
173 185
173 189
173 190
173 191
173 193
174 178
174 187
174 194
174 196
174 198
175 176
175 179
175 180
175 182
175 184
175 186
175 189
175 192
175 195
175 198
175 199
176 178
176 181
176 183
176 185
176 186
176 189
177 178
177 179
177 180
177 184
177 185
177 187
177 190
177 192
177 199
178 182
178 184
178 186
179 181
179 182
179 183
179 190
179 191
179 192
179 194
179 199
180 185
180 186
180 187
180 188
180 190
180 192
180 193
180 197
181 182
181 183
181 184
181 185
181 186
181 189
181 191
182 183
182 187
182 192
182 193
182 195
183 190
183 191
183 192
183 193
183 194
183 195
183 196
183 197
184 185
184 187
184 188
184 189
184 190
184 195
184 196
184 197
184 199
185 187
185 189
185 193
185 198
186 187
186 188
186 191
186 192
186 195
187 190
187 191
187 194
187 197
187 199
188 189
188 190
188 191
188 195
188 196
189 194
189 197
190 192
190 193
190 194
190 196
190 198
191 192
191 195
191 199
192 195
192 196
192 197
192 198
193 194
193 198
194 197
196 199
197 198
