300 8883
0 1
0 2
0 4
0 13
0 18
0 21
0 25
0 29
0 35
0 37
0 41
0 49
0 57
0 62
0 70
0 73
0 74
0 77
0 86
0 89
0 95
0 98
0 100
0 101
0 105
0 107
0 114
0 120
0 126
0 135
0 141
0 143
0 144
0 145
0 148
0 149
0 164
0 168
0 170
0 177
0 180
0 201
0 204
0 207
0 219
0 222
0 231
0 236
0 237
0 239
0 242
0 250
0 253
0 275
0 276
0 277
0 278
0 283
0 291
0 292
0 298
1 8
1 10
1 12
1 15
1 37
1 61
1 70
1 75
1 77
1 80
1 89
1 90
1 91
1 95
1 101
1 103
1 105
1 120
1 133
1 134
1 138
1 142
1 153
1 157
1 160
1 161
1 171
1 176
1 181
1 195
1 196
1 199
1 200
1 201
1 205
1 207
1 220
1 224
1 225
1 226
1 242
1 251
1 252
1 256
1 259
1 263
1 266
1 274
1 278
1 283
1 292
1 296
2 3
2 4
2 8
2 11
2 21
2 22
2 25
2 26
2 30
2 37
2 44
2 47
2 48
2 56
2 58
2 59
2 60
2 69
2 72
2 75
2 77
2 84
2 87
2 94
2 102
2 106
2 114
2 115
2 121
2 122
2 123
2 124
2 125
2 126
2 142
2 145
2 160
2 171
2 172
2 178
2 180
2 182
2 188
2 191
2 193
2 203
2 205
2 214
2 217
2 221
2 225
2 227
2 228
2 236
2 242
2 260
2 271
2 273
2 280
2 284
2 285
2 288
2 291
2 296
3 13
3 14
3 20
3 22
3 35
3 36
3 38
3 45
3 55
3 57
3 61
3 74
3 75
3 82
3 86
3 95
3 108
3 111
3 112
3 118
3 119
3 121
3 129
3 133
3 134
3 138
3 152
3 158
3 159
3 192
3 198
3 201
3 202
3 205
3 206
3 212
3 216
3 226
3 228
3 235
3 239
3 245
3 251
3 252
3 264
3 266
3 269
3 275
3 280
3 285
3 291
3 293
3 297
4 5
4 31
4 34
4 41
4 42
4 43
4 46
4 49
4 58
4 59
4 71
4 72
4 76
4 89
4 90
4 94
4 98
4 103
4 105
4 108
4 110
4 112
4 119
4 148
4 150
4 151
4 152
4 158
4 159
4 167
4 168
4 173
4 178
4 179
4 181
4 183
4 184
4 187
4 189
4 191
4 192
4 196
4 199
4 201
4 206
4 210
4 223
4 224
4 225
4 233
4 236
4 237
4 238
4 245
4 249
4 252
4 254
4 256
4 260
4 269
4 283
4 284
4 287
4 288
4 292
4 294
4 297
4 299
5 6
5 7
5 8
5 10
5 15
5 39
5 49
5 50
5 53
5 63
5 66
5 68
5 70
5 72
5 78
5 79
5 85
5 87
5 89
5 106
5 107
5 108
5 111
5 114
5 116
5 119
5 121
5 125
5 134
5 137
5 138
5 154
5 156
5 164
5 168
5 174
5 178
5 179
5 189
5 195
5 199
5 202
5 204
5 207
5 221
5 231
5 233
5 235
5 238
5 239
5 242
5 247
5 256
5 258
5 264
5 269
5 270
5 271
5 281
5 287
5 288
5 295
5 299
6 20
6 28
6 32
6 42
6 51
6 52
6 56
6 70
6 76
6 81
6 84
6 91
6 93
6 94
6 96
6 97
6 102
6 105
6 107
6 113
6 114
6 116
6 122
6 146
6 148
6 152
6 156
6 161
6 163
6 164
6 179
6 189
6 204
6 207
6 216
6 230
6 232
6 238
6 242
6 249
6 252
6 257
6 263
6 266
6 267
6 269
6 271
6 272
6 277
6 280
6 281
6 287
7 13
7 15
7 16
7 23
7 24
7 33
7 38
7 45
7 53
7 55
7 57
7 66
7 73
7 74
7 89
7 96
7 98
7 101
7 102
7 109
7 116
7 134
7 136
7 140
7 142
7 144
7 145
7 147
7 151
7 154
7 157
7 162
7 163
7 170
7 181
7 183
7 189
7 190
7 192
7 193
7 197
7 199
7 200
7 203
7 206
7 216
7 219
7 238
7 241
7 243
7 247
7 260
7 264
7 268
7 270
7 273
7 274
7 276
7 277
7 282
7 283
7 292
7 295
8 16
8 19
8 31
8 46
8 58
8 59
8 64
8 72
8 76
8 79
8 80
8 86
8 91
8 92
8 99
8 100
8 103
8 105
8 107
8 127
8 143
8 159
8 163
8 169
8 170
8 172
8 176
8 177
8 180
8 188
8 191
8 194
8 205
8 209
8 225
8 226
8 228
8 239
8 241
8 246
8 249
8 260
8 264
8 274
8 275
8 276
8 280
8 282
8 285
8 288
8 298
9 11
9 26
9 35
9 54
9 61
9 62
9 63
9 64
9 66
9 71
9 79
9 81
9 87
9 89
9 97
9 107
9 109
9 113
9 118
9 127
9 132
9 135
9 141
9 143
9 152
9 155
9 158
9 168
9 171
9 172
9 178
9 182
9 183
9 184
9 189
9 201
9 202
9 206
9 208
9 214
9 216
9 217
9 218
9 219
9 228
9 232
9 235
9 239
9 246
9 248
9 255
9 256
9 257
9 259
9 262
9 267
9 268
9 270
9 278
9 283
9 286
9 291
9 292
9 294
9 296
9 298
9 299
10 11
10 21
10 25
10 37
10 44
10 48
10 62
10 64
10 66
10 68
10 71
10 77
10 78
10 82
10 86
10 91
10 102
10 105
10 110
10 114
10 119
10 134
10 144
10 152
10 155
10 158
10 176
10 177
10 181
10 185
10 187
10 194
10 212
10 217
10 222
10 229
10 233
10 234
10 243
10 253
10 254
10 255
10 260
10 266
10 267
10 272
10 278
10 285
10 297
10 298
11 15
11 17
11 19
11 20
11 21
11 31
11 35
11 54
11 60
11 69
11 78
11 80
11 83
11 89
11 92
11 93
11 102
11 103
11 114
11 115
11 116
11 119
11 123
11 126
11 129
11 142
11 143
11 147
11 159
11 164
11 165
11 167
11 179
11 185
11 188
11 199
11 200
11 210
11 211
11 238
11 242
11 257
11 270
11 278
11 280
11 283
11 286
11 287
11 294
11 295
11 299
12 18
12 20
12 23
12 26
12 31
12 35
12 48
12 49
12 52
12 57
12 75
12 82
12 83
12 88
12 90
12 91
12 97
12 98
12 100
12 104
12 115
12 122
12 123
12 127
12 135
12 158
12 160
12 164
12 176
12 177
12 181
12 182
12 191
12 197
12 207
12 210
12 212
12 216
12 217
12 226
12 227
12 230
12 234
12 236
12 241
12 243
12 247
12 249
12 254
12 259
12 261
12 266
12 273
12 280
12 282
12 283
12 285
12 286
12 294
13 14
13 15
13 24
13 32
13 34
13 36
13 50
13 53
13 54
13 55
13 58
13 59
13 67
13 71
13 72
13 73
13 75
13 80
13 85
13 86
13 89
13 91
13 93
13 98
13 101
13 120
13 122
13 127
13 133
13 157
13 159
13 170
13 172
13 173
13 182
13 187
13 190
13 194
13 199
13 200
13 213
13 214
13 235
13 242
13 247
13 251
13 257
13 258
13 262
13 268
13 275
13 276
13 277
13 279
13 282
13 284
13 294
13 295
14 15
14 20
14 34
14 35
14 42
14 49
14 51
14 54
14 65
14 66
14 67
14 77
14 78
14 79
14 80
14 81
14 84
14 87
14 93
14 96
14 97
14 99
14 102
14 115
14 117
14 130
14 135
14 137
14 138
14 147
14 152
14 153
14 156
14 157
14 161
14 169
14 178
14 184
14 192
14 199
14 200
14 212
14 217
14 220
14 223
14 226
14 231
14 235
14 242
14 251
14 253
14 256
14 272
14 278
14 296
15 20
15 26
15 38
15 60
15 65
15 68
15 71
15 72
15 78
15 80
15 83
15 95
15 97
15 99
15 102
15 103
15 107
15 113
15 120
15 121
15 127
15 128
15 139
15 140
15 145
15 152
15 155
15 159
15 169
15 170
15 174
15 180
15 181
15 183
15 196
15 201
15 205
15 206
15 208
15 209
15 213
15 215
15 222
15 225
15 226
15 232
15 233
15 237
15 248
15 266
15 267
15 269
15 277
15 280
15 284
15 288
15 289
15 291
16 18
16 26
16 30
16 37
16 60
16 61
16 64
16 66
16 72
16 74
16 84
16 88
16 90
16 112
16 122
16 132
16 145
16 149
16 150
16 159
16 163
16 164
16 174
16 175
16 179
16 184
16 188
16 189
16 196
16 207
16 212
16 215
16 216
16 219
16 223
16 224
16 233
16 249
16 250
16 262
16 266
16 268
16 273
16 275
16 279
16 282
16 285
17 18
17 19
17 23
17 27
17 28
17 32
17 35
17 45
17 52
17 53
17 54
17 57
17 69
17 73
17 77
17 79
17 80
17 81
17 84
17 87
17 90
17 93
17 94
17 97
17 99
17 102
17 105
17 112
17 113
17 118
17 124
17 125
17 134
17 137
17 147
17 148
17 157
17 169
17 171
17 181
17 182
17 190
17 211
17 212
17 214
17 226
17 227
17 240
17 244
17 245
17 252
17 257
17 259
17 262
17 276
17 279
17 283
17 289
17 293
18 21
18 23
18 28
18 33
18 37
18 48
18 53
18 64
18 68
18 69
18 75
18 77
18 81
18 87
18 89
18 100
18 101
18 107
18 111
18 121
18 123
18 127
18 140
18 145
18 151
18 152
18 157
18 167
18 174
18 177
18 182
18 195
18 197
18 198
18 211
18 216
18 217
18 218
18 222
18 223
18 225
18 229
18 231
18 235
18 237
18 245
18 253
18 255
18 261
18 271
18 277
18 278
18 280
18 284
18 291
19 20
19 28
19 34
19 45
19 57
19 60
19 69
19 74
19 81
19 83
19 84
19 85
19 92
19 93
19 100
19 102
19 107
19 113
19 117
19 118
19 126
19 144
19 151
19 154
19 156
19 158
19 159
19 172
19 175
19 177
19 189
19 191
19 195
19 197
19 203
19 208
19 211
19 219
19 220
19 223
19 224
19 225
19 235
19 237
19 239
19 247
19 249
19 251
19 252
19 260
19 280
19 283
19 284
19 286
19 291
19 292
19 294
19 297
19 298
20 24
20 28
20 34
20 42
20 43
20 45
20 48
20 49
20 57
20 81
20 85
20 87
20 90
20 97
20 98
20 107
20 108
20 120
20 125
20 140
20 142
20 149
20 151
20 152
20 161
20 169
20 175
20 183
20 199
20 222
20 228
20 230
20 238
20 250
20 262
20 264
20 267
20 268
20 277
20 285
20 287
20 293
20 296
21 22
21 35
21 36
21 40
21 44
21 45
21 48
21 49
21 50
21 58
21 59
21 64
21 70
21 73
21 78
21 80
21 88
21 90
21 91
21 93
21 95
21 97
21 109
21 116
21 119
21 126
21 133
21 136
21 137
21 151
21 156
21 162
21 173
21 182
21 192
21 203
21 204
21 207
21 213
21 216
21 219
21 220
21 221
21 222
21 226
21 235
21 236
21 239
21 242
21 243
21 246
21 250
21 261
21 262
21 263
21 276
21 289
21 290
21 298
22 24
22 32
22 34
22 35
22 40
22 41
22 42
22 49
22 53
22 60
22 61
22 70
22 81
22 84
22 85
22 86
22 87
22 91
22 96
22 97
22 100
22 104
22 106
22 118
22 120
22 126
22 139
22 141
22 144
22 165
22 174
22 184
22 197
22 211
22 212
22 213
22 219
22 221
22 224
22 230
22 235
22 243
22 244
22 249
22 251
22 260
22 276
22 278
22 280
22 283
22 288
22 289
22 298
23 25
23 32
23 37
23 43
23 56
23 57
23 60
23 63
23 74
23 75
23 76
23 82
23 94
23 95
23 115
23 120
23 121
23 123
23 133
23 137
23 140
23 147
23 152
23 163
23 164
23 165
23 168
23 172
23 179
23 181
23 182
23 190
23 197
23 200
23 201
23 203
23 204
23 205
23 207
23 215
23 219
23 222
23 230
23 233
23 242
23 243
23 250
23 257
23 263
23 272
23 277
23 283
23 288
23 289
23 291
23 295
23 296
23 299
24 26
24 28
24 29
24 33
24 42
24 45
24 49
24 61
24 62
24 68
24 70
24 72
24 74
24 87
24 88
24 92
24 109
24 112
24 116
24 117
24 118
24 121
24 122
24 129
24 134
24 135
24 141
24 144
24 158
24 160
24 161
24 163
24 165
24 181
24 183
24 190
24 195
24 196
24 197
24 205
24 207
24 210
24 214
24 228
24 232
24 235
24 241
24 252
24 253
24 265
24 267
24 268
24 271
24 275
24 279
24 288
24 291
24 299
25 33
25 52
25 57
25 71
25 72
25 77
25 83
25 84
25 86
25 92
25 93
25 95
25 97
25 104
25 110
25 112
25 116
25 129
25 143
25 145
25 147
25 153
25 154
25 155
25 165
25 174
25 182
25 187
25 189
25 190
25 191
25 196
25 206
25 207
25 209
25 211
25 214
25 215
25 218
25 220
25 226
25 230
25 232
25 243
25 246
25 255
25 260
25 265
25 268
25 269
25 272
25 275
25 278
25 288
25 297
26 27
26 31
26 32
26 38
26 43
26 45
26 48
26 50
26 58
26 62
26 64
26 67
26 79
26 89
26 93
26 95
26 108
26 118
26 126
26 129
26 137
26 138
26 144
26 146
26 151
26 160
26 164
26 165
26 173
26 188
26 198
26 199
26 204
26 210
26 214
26 217
26 226
26 235
26 238
26 245
26 247
26 250
26 263
26 265
26 268
26 278
26 280
26 286
26 290
26 292
26 294
27 36
27 41
27 58
27 59
27 65
27 73
27 75
27 81
27 84
27 89
27 94
27 97
27 98
27 100
27 109
27 116
27 124
27 136
27 142
27 145
27 150
27 153
27 154
27 163
27 164
27 166
27 171
27 172
27 185
27 191
27 197
27 201
27 207
27 208
27 209
27 215
27 221
27 223
27 235
27 255
27 256
27 258
27 261
27 265
27 270
27 273
27 296
27 299
28 44
28 46
28 49
28 55
28 57
28 58
28 61
28 64
28 67
28 79
28 83
28 84
28 94
28 101
28 121
28 123
28 128
28 141
28 151
28 158
28 162
28 168
28 169
28 172
28 180
28 184
28 189
28 198
28 201
28 203
28 206
28 208
28 212
28 217
28 223
28 224
28 231
28 243
28 247
28 254
28 256
28 267
28 270
28 277
28 285
28 288
28 294
28 297
29 31
29 34
29 36
29 42
29 43
29 44
29 46
29 65
29 66
29 67
29 68
29 70
29 72
29 73
29 74
29 76
29 81
29 83
29 91
29 96
29 104
29 106
29 107
29 110
29 116
29 122
29 159
29 166
29 173
29 174
29 175
29 179
29 195
29 196
29 197
29 198
29 199
29 202
29 204
29 216
29 220
29 222
29 224
29 225
29 233
29 236
29 244
29 250
29 252
29 253
29 254
29 262
29 265
29 270
29 273
29 282
29 284
29 297
30 50
30 56
30 59
30 60
30 69
30 73
30 75
30 84
30 89
30 91
30 106
30 118
30 127
30 130
30 143
30 145
30 168
30 170
30 174
30 179
30 189
30 192
30 203
30 212
30 214
30 216
30 220
30 224
30 227
30 231
30 233
30 234
30 238
30 239
30 247
30 251
30 254
30 257
30 262
30 265
30 270
30 271
30 272
30 275
30 279
30 283
30 286
30 287
31 32
31 36
31 37
31 43
31 56
31 67
31 69
31 70
31 72
31 73
31 77
31 82
31 93
31 98
31 101
31 106
31 121
31 122
31 132
31 137
31 138
31 147
31 158
31 162
31 168
31 169
31 170
31 174
31 177
31 179
31 180
31 188
31 190
31 192
31 202
31 209
31 212
31 219
31 220
31 221
31 223
31 232
31 233
31 234
31 236
31 247
31 248
31 249
31 250
31 259
31 261
31 274
31 279
31 282
31 286
31 287
31 288
31 291
31 295
31 298
32 33
32 34
32 40
32 41
32 57
32 59
32 61
32 62
32 63
32 67
32 79
32 84
32 85
32 97
32 100
32 105
32 106
32 109
32 112
32 115
32 116
32 117
32 119
32 132
32 133
32 138
32 146
32 148
32 152
32 155
32 156
32 159
32 160
32 164
32 173
32 176
32 183
32 193
32 198
32 214
32 215
32 217
32 221
32 222
32 236
32 257
32 259
32 261
32 262
32 267
32 268
32 269
32 272
32 274
32 279
32 280
32 294
32 298
33 41
33 43
33 48
33 53
33 56
33 62
33 71
33 87
33 95
33 97
33 102
33 106
33 117
33 120
33 121
33 123
33 127
33 140
33 148
33 150
33 152
33 154
33 160
33 165
33 166
33 172
33 176
33 178
33 185
33 188
33 190
33 196
33 197
33 198
33 205
33 206
33 215
33 218
33 225
33 228
33 235
33 236
33 242
33 259
33 260
33 261
33 270
33 274
33 280
33 283
33 284
33 287
33 288
33 290
33 292
33 295
34 35
34 36
34 44
34 52
34 54
34 60
34 70
34 75
34 82
34 84
34 85
34 93
34 109
34 110
34 111
34 115
34 116
34 119
34 122
34 125
34 130
34 134
34 136
34 141
34 150
34 151
34 157
34 160
34 162
34 164
34 172
34 177
34 180
34 181
34 188
34 203
34 205
34 208
34 210
34 211
34 216
34 222
34 224
34 226
34 230
34 235
34 238
34 243
34 250
34 251
34 252
34 256
34 257
34 258
34 270
34 277
34 284
34 294
34 298
35 41
35 52
35 62
35 96
35 102
35 103
35 107
35 108
35 110
35 112
35 116
35 117
35 147
35 151
35 160
35 163
35 172
35 175
35 176
35 182
35 190
35 192
35 199
35 205
35 206
35 212
35 213
35 216
35 221
35 224
35 232
35 234
35 245
35 246
35 258
35 261
35 264
35 272
35 273
35 274
35 275
35 276
35 279
35 283
35 285
35 287
35 292
35 294
35 296
36 42
36 49
36 61
36 68
36 71
36 77
36 84
36 85
36 93
36 105
36 122
36 123
36 135
36 139
36 153
36 156
36 158
36 160
36 164
36 176
36 183
36 188
36 193
36 195
36 203
36 204
36 212
36 216
36 221
36 231
36 248
36 250
36 254
36 257
36 262
36 267
36 269
36 272
36 277
36 284
36 289
36 290
36 299
37 49
37 54
37 55
37 56
37 57
37 59
37 60
37 65
37 66
37 79
37 85
37 88
37 90
37 93
37 96
37 103
37 105
37 106
37 108
37 111
37 125
37 147
37 148
37 150
37 152
37 156
37 160
37 162
37 167
37 176
37 179
37 187
37 188
37 189
37 194
37 197
37 199
37 200
37 206
37 209
37 221
37 231
37 235
37 237
37 238
37 240
37 245
37 247
37 252
37 260
37 261
37 275
37 279
37 284
37 291
37 295
38 46
38 47
38 59
38 60
38 67
38 75
38 80
38 87
38 97
38 103
38 109
38 114
38 122
38 146
38 148
38 152
38 156
38 163
38 164
38 166
38 168
38 169
38 172
38 173
38 176
38 178
38 180
38 181
38 186
38 189
38 190
38 191
38 192
38 193
38 197
38 204
38 218
38 219
38 224
38 229
38 233
38 238
38 240
38 241
38 243
38 248
38 256
38 262
38 266
38 279
38 283
38 295
38 298
39 45
39 50
39 52
39 55
39 63
39 64
39 73
39 76
39 97
39 102
39 107
39 109
39 113
39 114
39 119
39 120
39 125
39 128
39 139
39 140
39 149
39 150
39 159
39 165
39 173
39 176
39 180
39 188
39 203
39 206
39 207
39 209
39 220
39 223
39 231
39 233
39 235
39 244
39 245
39 251
39 258
39 261
39 264
39 265
39 276
39 278
39 279
39 287
39 290
39 293
39 295
40 45
40 47
40 54
40 55
40 56
40 60
40 65
40 67
40 71
40 73
40 75
40 86
40 98
40 100
40 104
40 105
40 110
40 121
40 123
40 134
40 140
40 143
40 144
40 161
40 165
40 171
40 176
40 186
40 192
40 196
40 199
40 211
40 220
40 222
40 225
40 232
40 233
40 235
40 239
40 243
40 251
40 275
40 276
40 277
40 279
40 286
40 289
40 291
40 298
41 45
41 51
41 55
41 59
41 60
41 61
41 68
41 69
41 74
41 81
41 87
41 88
41 91
41 95
41 106
41 112
41 115
41 126
41 128
41 129
41 130
41 135
41 138
41 145
41 149
41 153
41 155
41 157
41 160
41 164
41 169
41 176
41 179
41 182
41 186
41 191
41 192
41 194
41 199
41 210
41 212
41 216
41 219
41 221
41 222
41 231
41 237
41 238
41 240
41 243
41 246
41 265
41 267
41 269
41 270
41 286
41 287
41 291
41 293
42 44
42 52
42 57
42 70
42 92
42 104
42 105
42 111
42 115
42 116
42 122
42 123
42 127
42 131
42 134
42 145
42 147
42 150
42 160
42 170
42 176
42 179
42 180
42 193
42 197
42 200
42 213
42 217
42 222
42 227
42 229
42 233
42 252
42 256
42 258
42 262
42 274
42 280
42 282
42 283
42 284
42 285
42 287
42 288
42 289
43 48
43 52
43 55
43 58
43 59
43 67
43 75
43 81
43 90
43 91
43 96
43 98
43 99
43 103
43 104
43 115
43 116
43 119
43 123
43 125
43 136
43 139
43 152
43 157
43 169
43 170
43 178
43 185
43 188
43 190
43 194
43 195
43 197
43 205
43 207
43 212
43 218
43 225
43 231
43 238
43 240
43 243
43 245
43 246
43 247
43 249
43 259
43 264
43 268
43 271
43 273
43 279
43 280
43 285
43 289
43 292
43 293
43 295
43 297
44 47
44 51
44 58
44 59
44 60
44 62
44 67
44 68
44 73
44 78
44 80
44 82
44 93
44 95
44 110
44 113
44 122
44 126
44 136
44 139
44 143
44 145
44 146
44 153
44 161
44 170
44 172
44 175
44 182
44 191
44 192
44 194
44 197
44 203
44 204
44 205
44 209
44 211
44 213
44 216
44 222
44 231
44 237
44 239
44 245
44 249
44 250
44 251
44 252
44 256
44 263
44 264
44 276
44 277
44 285
44 294
45 55
45 58
45 59
45 64
45 65
45 71
45 72
45 77
45 85
45 87
45 92
45 102
45 107
45 110
45 118
45 128
45 134
45 136
45 145
45 151
45 153
45 155
45 164
45 166
45 168
45 170
45 171
45 172
45 183
45 189
45 192
45 193
45 198
45 206
45 210
45 211
45 215
45 220
45 221
45 233
45 236
45 237
45 242
45 245
45 246
45 247
45 248
45 251
45 259
45 260
45 263
45 268
45 274
45 275
45 276
45 281
45 290
45 297
46 47
46 51
46 63
46 64
46 68
46 69
46 76
46 80
46 91
46 93
46 95
46 110
46 111
46 118
46 123
46 126
46 127
46 128
46 129
46 133
46 148
46 152
46 153
46 155
46 157
46 158
46 162
46 164
46 168
46 174
46 178
46 182
46 191
46 197
46 199
46 200
46 202
46 215
46 219
46 223
46 237
46 238
46 245
46 248
46 250
46 252
46 257
46 260
46 264
46 267
46 268
46 275
46 284
46 286
46 290
46 296
46 297
46 299
47 56
47 60
47 64
47 69
47 71
47 76
47 77
47 84
47 87
47 88
47 91
47 93
47 94
47 96
47 98
47 108
47 110
47 113
47 117
47 118
47 124
47 136
47 147
47 149
47 153
47 155
47 188
47 191
47 199
47 203
47 204
47 205
47 207
47 213
47 214
47 217
47 225
47 227
47 233
47 237
47 240
47 243
47 245
47 251
47 252
47 253
47 259
47 261
47 262
47 263
47 266
47 275
47 284
47 285
47 291
48 49
48 57
48 61
48 62
48 75
48 80
48 86
48 90
48 91
48 117
48 120
48 121
48 123
48 124
48 129
48 131
48 138
48 139
48 144
48 153
48 162
48 173
48 178
48 180
48 181
48 189
48 204
48 208
48 232
48 234
48 240
48 242
48 244
48 258
48 259
48 260
48 265
48 273
48 277
48 281
48 282
48 289
48 298
49 51
49 52
49 56
49 69
49 74
49 76
49 77
49 87
49 95
49 100
49 101
49 103
49 117
49 127
49 128
49 129
49 136
49 139
49 140
49 155
49 159
49 167
49 170
49 179
49 183
49 184
49 186
49 188
49 191
49 199
49 202
49 205
49 206
49 209
49 220
49 233
49 241
49 243
49 244
49 247
49 258
49 270
49 276
49 278
49 281
49 284
49 293
49 296
49 299
50 54
50 63
50 65
50 69
50 71
50 73
50 79
50 82
50 84
50 87
50 96
50 99
50 104
50 105
50 106
50 116
50 119
50 134
50 135
50 137
50 157
50 160
50 164
50 165
50 178
50 187
50 190
50 191
50 192
50 204
50 210
50 218
50 220
50 230
50 235
50 238
50 244
50 248
50 249
50 250
50 254
50 256
50 260
50 268
50 276
50 277
50 279
50 281
50 296
51 58
51 69
51 81
51 90
51 92
51 98
51 99
51 104
51 105
51 108
51 120
51 144
51 149
51 152
51 154
51 156
51 163
51 167
51 168
51 170
51 174
51 179
51 181
51 182
51 183
51 193
51 194
51 195
51 197
51 210
51 213
51 220
51 223
51 226
51 229
51 230
51 232
51 234
51 235
51 236
51 241
51 251
51 258
51 262
51 268
51 269
51 271
51 274
51 276
51 278
51 286
52 59
52 63
52 71
52 74
52 78
52 82
52 84
52 88
52 91
52 97
52 109
52 112
52 113
52 124
52 127
52 136
52 139
52 145
52 148
52 149
52 155
52 157
52 160
52 169
52 172
52 176
52 180
52 186
52 187
52 192
52 195
52 209
52 212
52 213
52 216
52 218
52 219
52 220
52 222
52 235
52 241
52 243
52 245
52 249
52 263
52 267
52 269
52 277
52 293
52 294
53 59
53 61
53 67
53 69
53 75
53 78
53 91
53 100
53 101
53 113
53 116
53 120
53 129
53 131
53 132
53 144
53 150
53 155
53 159
53 163
53 167
53 171
53 173
53 182
53 185
53 186
53 197
53 199
53 200
53 209
53 214
53 221
53 223
53 225
53 228
53 233
53 236
53 240
53 244
53 256
53 260
53 261
53 262
53 268
53 270
53 274
53 283
53 284
53 288
54 57
54 60
54 61
54 67
54 70
54 74
54 76
54 84
54 85
54 86
54 95
54 103
54 106
54 107
54 117
54 125
54 137
54 138
54 141
54 142
54 160
54 161
54 167
54 169
54 180
54 184
54 185
54 194
54 197
54 204
54 223
54 224
54 230
54 237
54 240
54 241
54 243
54 244
54 248
54 250
54 258
54 261
54 264
54 266
54 269
54 270
54 273
54 275
54 285
54 289
54 290
54 291
54 293
54 295
55 58
55 59
55 66
55 74
55 76
55 84
55 89
55 102
55 103
55 106
55 108
55 111
55 114
55 121
55 128
55 130
55 138
55 140
55 142
55 147
55 148
55 152
55 157
55 161
55 162
55 164
55 166
55 171
55 174
55 181
55 182
55 187
55 195
55 201
55 209
55 217
55 220
55 227
55 231
55 241
55 243
55 250
55 258
55 265
55 266
55 271
55 289
55 297
56 57
56 58
56 66
56 67
56 68
56 70
56 78
56 91
56 99
56 108
56 115
56 131
56 132
56 143
56 153
56 169
56 172
56 173
56 174
56 182
56 184
56 188
56 190
56 191
56 194
56 197
56 199
56 200
56 208
56 214
56 220
56 225
56 226
56 227
56 228
56 229
56 235
56 238
56 240
56 243
56 247
56 248
56 251
56 252
56 254
56 261
56 262
56 263
56 267
56 276
56 279
56 280
56 283
56 291
57 59
57 62
57 71
57 76
57 81
57 86
57 90
57 97
57 105
57 109
57 122
57 128
57 129
57 131
57 138
57 148
57 151
57 152
57 156
57 158
57 163
57 166
57 172
57 173
57 177
57 180
57 184
57 188
57 189
57 199
57 206
57 216
57 218
57 226
57 237
57 245
57 246
57 248
57 249
57 253
57 254
57 256
57 263
57 264
57 265
57 269
57 278
57 280
57 282
57 284
57 285
57 294
57 298
58 62
58 63
58 64
58 67
58 72
58 74
58 79
58 88
58 90
58 93
58 101
58 102
58 108
58 112
58 117
58 121
58 122
58 124
58 125
58 133
58 140
58 148
58 153
58 158
58 167
58 170
58 173
58 187
58 189
58 190
58 194
58 199
58 202
58 204
58 206
58 210
58 229
58 234
58 236
58 238
58 247
58 251
58 254
58 255
58 257
58 271
58 277
58 278
58 279
58 280
58 282
59 62
59 65
59 69
59 72
59 74
59 75
59 86
59 87
59 98
59 99
59 107
59 115
59 118
59 135
59 137
59 139
59 143
59 147
59 153
59 155
59 165
59 169
59 175
59 182
59 183
59 188
59 193
59 194
59 200
59 208
59 213
59 221
59 225
59 228
59 233
59 240
59 248
59 249
59 252
59 255
59 266
59 275
59 277
59 280
59 286
59 296
60 67
60 73
60 86
60 102
60 111
60 112
60 114
60 115
60 123
60 130
60 131
60 138
60 141
60 143
60 147
60 156
60 160
60 161
60 162
60 164
60 165
60 167
60 169
60 174
60 175
60 182
60 183
60 184
60 190
60 191
60 193
60 194
60 222
60 224
60 226
60 227
60 228
60 232
60 247
60 249
60 251
60 272
60 273
60 276
60 279
60 280
60 283
60 284
60 286
60 292
60 294
60 297
60 299
61 76
61 82
61 84
61 86
61 89
61 97
61 99
61 105
61 109
61 112
61 115
61 116
61 117
61 136
61 148
61 150
61 153
61 155
61 156
61 162
61 166
61 167
61 175
61 184
61 185
61 188
61 190
61 192
61 196
61 197
61 203
61 207
61 210
61 212
61 213
61 225
61 229
61 235
61 244
61 249
61 258
61 266
61 277
61 283
62 64
62 67
62 68
62 70
62 72
62 73
62 76
62 77
62 94
62 95
62 97
62 99
62 102
62 105
62 106
62 118
62 120
62 131
62 135
62 141
62 142
62 143
62 147
62 164
62 182
62 183
62 194
62 198
62 203
62 204
62 205
62 212
62 214
62 222
62 223
62 224
62 225
62 236
62 246
62 249
62 251
62 259
62 260
62 271
62 272
62 273
62 284
62 285
62 297
63 65
63 80
63 83
63 87
63 94
63 100
63 105
63 106
63 114
63 115
63 117
63 120
63 124
63 125
63 126
63 128
63 131
63 132
63 142
63 149
63 158
63 160
63 171
63 174
63 185
63 204
63 209
63 216
63 221
63 233
63 243
63 244
63 256
63 258
63 260
63 266
63 272
63 279
63 281
63 283
63 291
63 292
63 295
63 298
64 70
64 87
64 89
64 101
64 108
64 124
64 132
64 135
64 137
64 139
64 140
64 147
64 148
64 149
64 153
64 154
64 165
64 166
64 170
64 172
64 176
64 177
64 180
64 194
64 195
64 200
64 201
64 202
64 206
64 212
64 218
64 229
64 230
64 234
64 236
64 238
64 239
64 240
64 257
64 259
64 264
64 267
64 272
64 278
64 280
64 283
64 285
64 288
64 292
64 295
64 296
65 67
65 72
65 75
65 81
65 82
65 89
65 92
65 93
65 95
65 96
65 108
65 111
65 112
65 116
65 122
65 126
65 140
65 141
65 142
65 143
65 153
65 156
65 157
65 163
65 169
65 181
65 196
65 200
65 203
65 210
65 216
65 220
65 221
65 233
65 249
65 256
65 262
65 269
65 270
65 271
65 277
65 278
65 290
66 74
66 86
66 93
66 102
66 106
66 107
66 108
66 120
66 127
66 131
66 135
66 137
66 143
66 145
66 153
66 155
66 156
66 165
66 172
66 173
66 182
66 186
66 187
66 189
66 204
66 206
66 208
66 218
66 223
66 226
66 234
66 238
66 239
66 242
66 249
66 250
66 270
66 274
66 275
66 278
66 279
66 280
66 281
66 287
66 290
66 291
66 293
66 294
67 77
67 80
67 82
67 83
67 87
67 91
67 93
67 95
67 97
67 103
67 109
67 118
67 121
67 123
67 126
67 132
67 141
67 153
67 154
67 159
67 177
67 182
67 185
67 193
67 200
67 203
67 206
67 207
67 208
67 209
67 211
67 222
67 225
67 229
67 230
67 238
67 249
67 250
67 260
67 263
67 270
67 273
67 275
67 277
67 281
67 291
67 294
67 299
68 74
68 84
68 86
68 99
68 103
68 106
68 107
68 109
68 112
68 113
68 120
68 122
68 124
68 128
68 136
68 138
68 142
68 146
68 157
68 162
68 167
68 168
68 170
68 171
68 178
68 184
68 188
68 208
68 213
68 222
68 223
68 245
68 249
68 260
68 265
68 272
68 276
68 281
68 282
68 284
68 295
69 77
69 78
69 82
69 91
69 93
69 111
69 117
69 119
69 120
69 121
69 139
69 141
69 142
69 144
69 151
69 158
69 162
69 163
69 164
69 171
69 174
69 177
69 181
69 193
69 197
69 202
69 212
69 220
69 224
69 228
69 231
69 236
69 241
69 245
69 249
69 251
69 257
69 260
69 264
69 265
69 267
69 277
69 281
69 284
69 287
69 296
70 71
70 78
70 79
70 82
70 85
70 87
70 88
70 90
70 98
70 106
70 113
70 114
70 116
70 124
70 125
70 138
70 139
70 142
70 144
70 145
70 157
70 158
70 160
70 163
70 164
70 170
70 171
70 190
70 191
70 193
70 197
70 200
70 201
70 209
70 213
70 220
70 221
70 228
70 232
70 240
70 254
70 259
70 268
70 276
70 281
70 286
70 289
70 290
70 292
70 293
71 73
71 88
71 89
71 92
71 94
71 96
71 105
71 111
71 116
71 118
71 121
71 125
71 129
71 132
71 141
71 143
71 153
71 159
71 168
71 169
71 172
71 178
71 191
71 202
71 206
71 215
71 222
71 231
71 234
71 240
71 242
71 247
71 254
71 257
71 265
71 266
71 267
71 273
71 277
71 279
71 283
71 290
71 296
71 298
72 75
72 80
72 82
72 87
72 93
72 111
72 113
72 114
72 122
72 126
72 127
72 130
72 134
72 138
72 150
72 152
72 153
72 156
72 158
72 168
72 178
72 182
72 183
72 184
72 186
72 188
72 192
72 193
72 194
72 198
72 206
72 212
72 213
72 215
72 224
72 226
72 230
72 231
72 239
72 243
72 249
72 251
72 265
72 272
72 275
72 282
72 288
72 292
73 80
73 84
73 94
73 106
73 107
73 111
73 122
73 124
73 139
73 141
73 148
73 161
73 164
73 166
73 190
73 199
73 202
73 207
73 210
73 217
73 218
73 221
73 225
73 245
73 246
73 251
73 254
73 255
73 256
73 273
73 282
73 285
73 291
73 293
73 294
74 79
74 88
74 89
74 91
74 93
74 97
74 100
74 107
74 111
74 123
74 124
74 128
74 130
74 141
74 148
74 149
74 159
74 161
74 162
74 164
74 166
74 176
74 179
74 183
74 191
74 194
74 198
74 209
74 213
74 217
74 222
74 226
74 227
74 236
74 238
74 240
74 242
74 252
74 253
74 256
74 260
74 261
74 271
74 281
74 282
74 285
74 288
74 289
75 80
75 81
75 84
75 89
75 90
75 93
75 96
75 98
75 99
75 102
75 111
75 114
75 116
75 120
75 122
75 129
75 132
75 136
75 139
75 143
75 146
75 148
75 152
75 158
75 164
75 168
75 171
75 174
75 176
75 177
75 178
75 190
75 191
75 193
75 200
75 203
75 209
75 210
75 219
75 221
75 225
75 228
75 229
75 231
75 240
75 246
75 252
75 253
75 254
75 257
75 258
75 271
75 276
75 278
75 282
75 297
76 80
76 91
76 92
76 93
76 109
76 110
76 118
76 122
76 123
76 133
76 136
76 146
76 159
76 168
76 173
76 174
76 178
76 179
76 183
76 190
76 194
76 199
76 207
76 228
76 230
76 238
76 244
76 245
76 252
76 255
76 258
76 267
76 278
76 279
76 284
76 285
76 289
76 290
76 292
77 79
77 81
77 82
77 83
77 84
77 102
77 111
77 129
77 131
77 134
77 136
77 142
77 159
77 163
77 166
77 167
77 168
77 172
77 173
77 179
77 185
77 189
77 192
77 195
77 196
77 210
77 224
77 236
77 238
77 247
77 262
77 272
77 275
77 279
77 280
77 284
77 285
77 288
77 290
77 293
77 295
77 297
78 100
78 103
78 109
78 119
78 126
78 132
78 135
78 137
78 140
78 145
78 156
78 157
78 182
78 195
78 201
78 203
78 210
78 211
78 218
78 219
78 233
78 241
78 243
78 244
78 247
78 256
78 261
78 264
78 270
78 274
78 280
78 285
78 287
78 290
78 291
78 294
78 297
78 299
79 83
79 87
79 91
79 93
79 94
79 96
79 98
79 103
79 106
79 107
79 111
79 121
79 125
79 131
79 134
79 139
79 153
79 162
79 163
79 174
79 187
79 205
79 220
79 228
79 234
79 238
79 239
79 251
79 263
79 271
79 287
79 290
80 90
80 94
80 99
80 102
80 107
80 109
80 115
80 121
80 126
80 139
80 141
80 143
80 145
80 147
80 153
80 155
80 156
80 158
80 174
80 180
80 184
80 185
80 195
80 201
80 204
80 206
80 217
80 219
80 228
80 233
80 235
80 236
80 237
80 242
80 244
80 247
80 250
80 255
80 260
80 272
80 273
80 278
80 281
80 285
80 290
80 291
80 293
81 82
81 83
81 91
81 98
81 113
81 115
81 117
81 120
81 121
81 125
81 126
81 128
81 135
81 138
81 139
81 140
81 144
81 147
81 154
81 157
81 161
81 163
81 170
81 173
81 174
81 186
81 200
81 201
81 206
81 209
81 212
81 219
81 221
81 228
81 230
81 233
81 242
81 247
81 250
81 252
81 257
81 258
81 259
81 268
81 274
81 278
81 284
81 286
81 290
81 295
81 296
81 299
82 83
82 95
82 100
82 103
82 114
82 119
82 134
82 135
82 137
82 144
82 150
82 167
82 174
82 175
82 177
82 179
82 190
82 194
82 196
82 205
82 208
82 211
82 222
82 223
82 224
82 229
82 231
82 233
82 235
82 236
82 238
82 239
82 240
82 242
82 243
82 252
82 262
82 269
82 275
82 277
82 282
82 294
82 296
83 87
83 98
83 104
83 110
83 112
83 114
83 116
83 124
83 132
83 137
83 138
83 139
83 142
83 146
83 153
83 158
83 159
83 160
83 170
83 174
83 182
83 186
83 188
83 193
83 194
83 204
83 205
83 207
83 209
83 211
83 218
83 225
83 227
83 230
83 233
83 245
83 249
83 251
83 252
83 255
83 258
83 261
83 264
83 268
83 269
83 270
83 278
83 289
83 297
84 86
84 88
84 91
84 93
84 97
84 101
84 112
84 125
84 135
84 152
84 161
84 162
84 167
84 172
84 173
84 176
84 179
84 188
84 194
84 195
84 197
84 209
84 210
84 216
84 217
84 220
84 236
84 240
84 250
84 260
84 267
84 270
84 275
84 283
84 288
85 87
85 91
85 100
85 101
85 103
85 112
85 113
85 124
85 127
85 128
85 129
85 154
85 201
85 202
85 213
85 219
85 224
85 229
85 233
85 240
85 243
85 247
85 258
85 264
85 271
85 275
85 277
85 278
85 280
85 281
85 289
85 292
85 296
85 298
86 89
86 93
86 98
86 101
86 116
86 119
86 124
86 128
86 129
86 131
86 132
86 134
86 154
86 181
86 182
86 187
86 189
86 190
86 191
86 198
86 199
86 200
86 203
86 206
86 210
86 211
86 212
86 219
86 223
86 228
86 231
86 235
86 237
86 239
86 240
86 242
86 252
86 253
86 255
86 257
86 259
86 268
86 272
86 277
86 279
86 283
86 284
86 296
87 88
87 102
87 103
87 110
87 112
87 117
87 122
87 127
87 129
87 135
87 136
87 139
87 149
87 151
87 153
87 155
87 158
87 164
87 187
87 189
87 190
87 195
87 199
87 204
87 208
87 212
87 214
87 216
87 229
87 237
87 238
87 239
87 246
87 254
87 258
87 259
87 267
87 269
87 270
87 274
87 278
87 281
88 93
88 101
88 108
88 114
88 140
88 141
88 146
88 152
88 153
88 154
88 156
88 168
88 170
88 171
88 182
88 185
88 193
88 199
88 207
88 214
88 215
88 224
88 234
88 236
88 241
88 250
88 252
88 262
88 264
88 285
88 288
88 291
88 293
89 95
89 98
89 107
89 108
89 112
89 114
89 125
89 126
89 128
89 130
89 131
89 139
89 140
89 143
89 162
89 169
89 182
89 188
89 192
89 194
89 198
89 199
89 201
89 209
89 216
89 218
89 228
89 230
89 234
89 238
89 239
89 242
89 247
89 254
89 255
89 260
89 266
89 268
89 270
89 274
89 275
89 285
90 99
90 100
90 106
90 121
90 123
90 130
90 137
90 138
90 142
90 152
90 155
90 157
90 161
90 163
90 169
90 178
90 196
90 199
90 204
90 207
90 214
90 226
90 227
90 228
90 236
90 247
90 248
90 257
90 260
90 262
90 263
90 264
90 265
90 267
90 274
90 277
90 290
90 291
91 94
91 96
91 107
91 116
91 120
91 124
91 128
91 130
91 138
91 141
91 142
91 150
91 152
91 161
91 177
91 180
91 187
91 194
91 196
91 197
91 222
91 227
91 233
91 234
91 236
91 239
91 246
91 253
91 256
91 260
91 262
91 263
91 264
91 265
91 266
91 267
91 271
91 272
91 273
91 280
91 282
91 283
91 287
91 288
91 289
91 297
92 93
92 98
92 101
92 107
92 110
92 112
92 118
92 121
92 124
92 125
92 127
92 128
92 141
92 145
92 147
92 148
92 156
92 159
92 160
92 169
92 171
92 175
92 195
92 200
92 205
92 206
92 215
92 220
92 221
92 240
92 245
92 248
92 265
92 270
92 280
92 281
92 289
92 298
93 94
93 98
93 112
93 113
93 115
93 116
93 117
93 124
93 127
93 132
93 136
93 139
93 154
93 157
93 158
93 160
93 171
93 173
93 174
93 176
93 187
93 194
93 202
93 207
93 216
93 218
93 221
93 222
93 225
93 236
93 252
93 254
93 257
93 265
93 268
93 270
93 276
93 281
93 290
93 296
94 95
94 96
94 97
94 108
94 115
94 126
94 127
94 134
94 135
94 136
94 141
94 145
94 150
94 152
94 163
94 165
94 182
94 193
94 202
94 219
94 223
94 224
94 225
94 229
94 232
94 234
94 242
94 245
94 246
94 247
94 259
94 261
94 263
94 269
94 270
94 271
94 276
94 278
94 281
94 282
94 296
95 99
95 108
95 109
95 112
95 117
95 141
95 150
95 153
95 159
95 167
95 169
95 172
95 173
95 181
95 182
95 189
95 194
95 196
95 203
95 206
95 209
95 237
95 243
95 244
95 245
95 248
95 251
95 255
95 270
95 285
95 286
95 297
96 99
96 100
96 102
96 104
96 106
96 108
96 109
96 110
96 115
96 117
96 120
96 132
96 134
96 135
96 137
96 140
96 145
96 156
96 158
96 160
96 161
96 168
96 174
96 177
96 190
96 195
96 196
96 199
96 202
96 203
96 213
96 227
96 228
96 229
96 235
96 241
96 243
96 246
96 248
96 259
96 260
96 261
96 268
96 269
96 275
96 277
96 283
96 291
96 292
96 293
96 296
96 298
96 299
97 100
97 102
97 104
97 105
97 106
97 107
97 111
97 118
97 119
97 120
97 123
97 126
97 127
97 131
97 135
97 138
97 139
97 142
97 144
97 150
97 152
97 155
97 157
97 164
97 175
97 178
97 185
97 190
97 199
97 209
97 218
97 227
97 229
97 231
97 233
97 237
97 240
97 241
97 243
97 246
97 254
97 263
97 265
97 268
97 276
97 282
97 287
97 288
97 297
97 299
98 103
98 109
98 113
98 120
98 121
98 123
98 127
98 131
98 132
98 133
98 136
98 139
98 140
98 142
98 144
98 162
98 166
98 170
98 173
98 179
98 185
98 189
98 190
98 203
98 208
98 209
98 213
98 216
98 218
98 221
98 224
98 227
98 234
98 237
98 242
98 247
98 249
98 254
98 255
98 258
98 261
98 266
98 267
98 268
98 281
98 286
98 288
98 292
98 299
99 103
99 109
99 110
99 113
99 117
99 127
99 139
99 149
99 151
99 152
99 162
99 163
99 177
99 180
99 182
99 183
99 188
99 196
99 197
99 200
99 204
99 209
99 226
99 227
99 228
99 229
99 235
99 243
99 244
99 248
99 260
99 263
99 268
99 274
99 278
99 279
99 288
99 291
99 299
100 112
100 114
100 116
100 122
100 123
100 133
100 136
100 151
100 153
100 154
100 164
100 169
100 172
100 174
100 176
100 180
100 184
100 190
100 200
100 202
100 205
100 210
100 221
100 222
100 230
100 233
100 235
100 237
100 240
100 244
100 248
100 249
100 251
100 254
100 256
100 257
100 260
100 277
100 279
100 280
100 281
100 291
100 295
100 297
100 299
101 106
101 107
101 109
101 120
101 128
101 130
101 133
101 140
101 141
101 157
101 158
101 168
101 171
101 182
101 187
101 190
101 194
101 204
101 209
101 215
101 217
101 219
101 222
101 224
101 227
101 230
101 254
101 264
101 274
101 279
101 286
101 288
101 292
101 295
101 298
102 106
102 111
102 116
102 120
102 127
102 131
102 140
102 144
102 145
102 156
102 158
102 168
102 171
102 174
102 183
102 190
102 198
102 199
102 201
102 202
102 210
102 212
102 213
102 214
102 216
102 219
102 221
102 239
102 242
102 244
102 245
102 249
102 251
102 258
102 266
102 268
102 272
102 274
102 275
102 283
102 285
102 288
102 296
102 298
103 113
103 121
103 123
103 124
103 134
103 135
103 141
103 150
103 153
103 159
103 164
103 172
103 177
103 182
103 190
103 191
103 192
103 194
103 195
103 202
103 212
103 216
103 218
103 228
103 239
103 242
103 243
103 245
103 253
103 259
103 270
103 284
103 288
103 291
104 115
104 127
104 130
104 138
104 147
104 156
104 159
104 160
104 164
104 167
104 170
104 178
104 193
104 194
104 197
104 198
104 205
104 206
104 233
104 234
104 243
104 247
104 248
104 252
104 253
104 254
104 259
104 266
104 277
104 278
104 280
104 282
104 285
104 292
104 296
105 112
105 113
105 130
105 136
105 139
105 144
105 147
105 152
105 153
105 155
105 159
105 160
105 162
105 168
105 176
105 177
105 183
105 193
105 196
105 199
105 204
105 213
105 220
105 244
105 250
105 256
105 257
105 259
105 263
105 264
105 270
105 271
105 277
105 287
105 290
105 294
105 298
106 115
106 116
106 124
106 128
106 137
106 141
106 143
106 146
106 153
106 155
106 156
106 184
106 191
106 194
106 202
106 203
106 209
106 214
106 215
106 217
106 220
106 229
106 232
106 243
106 247
106 248
106 250
106 257
106 270
106 272
106 273
106 279
106 286
106 292
106 299
107 110
107 121
107 123
107 138
107 140
107 144
107 149
107 158
107 160
107 168
107 173
107 184
107 193
107 199
107 204
107 205
107 207
107 213
107 214
107 216
107 217
107 218
107 226
107 228
107 234
107 244
107 247
107 252
107 256
107 263
107 264
107 269
107 279
107 280
107 286
107 291
107 293
107 295
107 296
107 299
108 114
108 116
108 132
108 145
108 146
108 159
108 164
108 168
108 174
108 175
108 176
108 177
108 178
108 185
108 186
108 189
108 190
108 200
108 208
108 210
108 211
108 212
108 213
108 216
108 222
108 241
108 248
108 253
108 262
108 263
108 264
108 270
108 272
108 279
108 293
108 295
108 299
109 125
109 134
109 145
109 156
109 158
109 166
109 167
109 176
109 185
109 187
109 194
109 196
109 198
109 208
109 214
109 216
109 229
109 232
109 233
109 234
109 248
109 250
109 252
109 254
109 255
109 259
109 271
109 274
109 282
109 289
109 290
109 292
109 295
109 298
110 123
110 126
110 127
110 128
110 149
110 152
110 157
110 167
110 168
110 174
110 178
110 183
110 184
110 190
110 194
110 203
110 204
110 206
110 210
110 212
110 216
110 218
110 237
110 242
110 243
110 254
110 255
110 258
110 260
110 261
110 278
110 280
110 281
110 293
110 295
110 297
111 114
111 130
111 132
111 137
111 139
111 144
111 146
111 155
111 160
111 167
111 172
111 177
111 181
111 183
111 184
111 185
111 186
111 187
111 195
111 197
111 200
111 204
111 220
111 223
111 231
111 238
111 239
111 240
111 241
111 243
111 245
111 251
111 257
111 270
111 274
111 277
111 279
111 281
111 282
111 284
111 286
111 290
111 294
111 297
111 299
112 114
112 115
112 119
112 126
112 127
112 133
112 135
112 136
112 149
112 154
112 155
112 160
112 165
112 172
112 180
112 185
112 195
112 196
112 198
112 199
112 205
112 208
112 214
112 222
112 226
112 231
112 234
112 237
112 240
112 241
112 249
112 252
112 253
112 259
112 260
112 263
112 272
112 273
112 297
112 298
113 115
113 116
113 117
113 123
113 125
113 129
113 130
113 135
113 139
113 141
113 145
113 148
113 156
113 158
113 168
113 170
113 177
113 181
113 182
113 186
113 190
113 192
113 214
113 218
113 224
113 228
113 234
113 235
113 237
113 241
113 243
113 245
113 248
113 251
113 254
113 258
113 260
113 262
113 267
113 268
113 275
113 283
113 287
113 290
113 292
114 117
114 123
114 126
114 136
114 143
114 150
114 151
114 152
114 155
114 163
114 180
114 181
114 185
114 189
114 190
114 196
114 201
114 209
114 214
114 215
114 226
114 233
114 236
114 243
114 261
114 263
114 270
114 276
114 284
114 286
114 287
114 293
115 116
115 122
115 128
115 139
115 144
115 150
115 153
115 154
115 155
115 158
115 161
115 167
115 170
115 177
115 178
115 179
115 188
115 191
115 195
115 197
115 208
115 217
115 218
115 223
115 231
115 243
115 251
115 254
115 255
115 269
115 279
115 286
115 289
115 290
115 298
116 117
116 119
116 125
116 127
116 128
116 132
116 133
116 141
116 153
116 155
116 157
116 160
116 162
116 164
116 165
116 171
116 174
116 179
116 183
116 189
116 194
116 197
116 199
116 200
116 205
116 208
116 213
116 220
116 222
116 238
116 242
116 245
116 247
116 252
116 257
116 258
116 259
116 276
116 280
116 282
116 285
116 288
117 118
117 122
117 125
117 126
117 138
117 141
117 152
117 155
117 167
117 170
117 171
117 173
117 182
117 188
117 189
117 197
117 203
117 207
117 209
117 211
117 212
117 220
117 222
117 224
117 226
117 229
117 241
117 242
117 245
117 246
117 248
117 253
117 262
117 265
117 266
117 267
117 272
117 276
117 286
117 290
117 292
118 121
118 125
118 127
118 128
118 152
118 158
118 159
118 167
118 169
118 175
118 181
118 185
118 190
118 197
118 199
118 200
118 205
118 229
118 234
118 235
118 239
118 242
118 250
118 251
118 262
118 265
118 284
118 287
118 289
118 292
119 121
119 129
119 135
119 137
119 140
119 142
119 145
119 146
119 147
119 148
119 159
119 160
119 167
119 169
119 170
119 174
119 177
119 182
119 192
119 196
119 198
119 201
119 203
119 205
119 210
119 215
119 217
119 219
119 220
119 221
119 226
119 231
119 246
119 255
119 268
119 278
119 280
119 281
119 292
120 125
120 126
120 131
120 135
120 138
120 142
120 144
120 145
120 147
120 154
120 156
120 162
120 163
120 164
120 165
120 168
120 184
120 185
120 199
120 206
120 207
120 214
120 225
120 227
120 232
120 234
120 236
120 240
120 252
120 264
120 272
120 282
120 288
120 290
120 292
120 293
120 294
120 295
121 122
121 123
121 124
121 142
121 145
121 148
121 149
121 150
121 156
121 159
121 164
121 168
121 171
121 173
121 175
121 179
121 180
121 185
121 186
121 188
121 189
121 202
121 209
121 210
121 214
121 220
121 227
121 228
121 232
121 235
121 246
121 253
121 259
121 263
121 264
121 267
121 275
121 281
121 283
121 286
122 124
122 135
122 136
122 143
122 146
122 150
122 152
122 156
122 157
122 160
122 161
122 162
122 167
122 176
122 209
122 214
122 217
122 226
122 229
122 230
122 235
122 243
122 246
122 249
122 252
122 265
122 267
122 277
122 278
122 286
122 288
122 291
123 137
123 142
123 144
123 146
123 156
123 162
123 172
123 176
123 183
123 184
123 189
123 198
123 200
123 201
123 203
123 208
123 211
123 224
123 238
123 239
123 240
123 246
123 247
123 254
123 257
123 264
123 267
123 279
123 286
123 291
124 125
124 138
124 143
124 145
124 149
124 157
124 167
124 169
124 175
124 185
124 206
124 212
124 221
124 232
124 233
124 239
124 260
124 263
124 264
124 266
124 272
124 273
124 274
124 276
124 281
124 283
124 288
124 297
125 126
125 143
125 144
125 146
125 147
125 161
125 170
125 174
125 175
125 176
125 183
125 185
125 186
125 187
125 189
125 193
125 205
125 208
125 209
125 213
125 214
125 223
125 224
125 226
125 228
125 236
125 245
125 247
125 262
125 265
125 268
125 280
125 288
125 297
126 128
126 130
126 132
126 135
126 148
126 160
126 165
126 166
126 172
126 173
126 178
126 182
126 187
126 191
126 197
126 198
126 200
126 207
126 210
126 217
126 220
126 223
126 224
126 226
126 229
126 230
126 242
126 245
126 246
126 254
126 256
126 261
126 263
126 265
126 268
126 273
126 276
126 277
126 279
126 280
126 288
126 290
126 291
126 292
126 297
126 299
127 131
127 137
127 139
127 142
127 143
127 146
127 167
127 171
127 173
127 175
127 177
127 182
127 187
127 188
127 190
127 193
127 194
127 197
127 200
127 202
127 204
127 208
127 209
127 214
127 216
127 217
127 224
127 225
127 226
127 230
127 238
127 248
127 252
127 253
127 257
127 260
127 269
127 281
127 285
127 292
127 296
127 298
128 131
128 141
128 145
128 146
128 147
128 152
128 154
128 158
128 159
128 170
128 172
128 177
128 200
128 201
128 211
128 213
128 217
128 237
128 238
128 243
128 244
128 253
128 271
128 273
128 274
128 278
128 279
128 286
128 289
128 294
128 295
128 297
129 131
129 134
129 151
129 157
129 161
129 170
129 171
129 172
129 180
129 181
129 182
129 187
129 188
129 201
129 211
129 213
129 215
129 217
129 227
129 230
129 238
129 239
129 253
129 260
129 261
129 263
129 270
129 274
129 276
129 277
129 279
129 280
129 292
129 293
129 295
130 133
130 134
130 147
130 150
130 153
130 163
130 165
130 168
130 171
130 173
130 176
130 177
130 178
130 185
130 187
130 188
130 193
130 207
130 213
130 218
130 227
130 228
130 231
130 232
130 239
130 240
130 245
130 250
130 251
130 258
130 260
130 277
130 282
130 283
130 287
130 290
130 293
130 294
130 296
130 297
130 298
131 132
131 140
131 150
131 153
131 160
131 161
131 175
131 177
131 180
131 203
131 208
131 209
131 210
131 224
131 227
131 233
131 257
131 259
131 267
131 272
131 273
131 275
131 282
131 284
131 297
132 134
132 135
132 139
132 142
132 146
132 147
132 160
132 162
132 166
132 170
132 179
132 182
132 186
132 191
132 192
132 199
132 200
132 202
132 204
132 206
132 236
132 239
132 244
132 245
132 247
132 250
132 255
132 262
132 265
132 273
132 282
132 287
132 288
132 290
132 293
132 296
133 136
133 139
133 144
133 148
133 154
133 169
133 181
133 185
133 186
133 188
133 197
133 203
133 209
133 211
133 223
133 225
133 226
133 227
133 228
133 230
133 242
133 262
133 268
133 270
133 272
133 273
133 274
133 278
133 279
133 282
133 286
133 287
133 294
133 295
133 297
133 298
134 136
134 141
134 143
134 154
134 155
134 160
134 163
134 164
134 171
134 174
134 175
134 176
134 186
134 188
134 190
134 196
134 198
134 200
134 210
134 212
134 217
134 220
134 223
134 225
134 229
134 231
134 233
134 235
134 238
134 251
134 252
134 255
134 259
134 260
134 267
134 268
134 272
134 273
134 274
134 277
134 281
134 283
134 289
134 290
134 292
135 136
135 139
135 143
135 144
135 149
135 157
135 162
135 170
135 172
135 178
135 185
135 188
135 201
135 202
135 205
135 214
135 216
135 223
135 224
135 232
135 247
135 252
135 257
135 258
135 262
135 265
135 282
135 286
135 291
135 292
136 137
136 139
136 146
136 157
136 158
136 160
136 162
136 166
136 171
136 175
136 176
136 178
136 180
136 188
136 200
136 201
136 203
136 205
136 211
136 212
136 221
136 222
136 240
136 244
136 248
136 258
136 263
136 266
136 272
136 276
136 279
136 289
136 291
137 139
137 142
137 144
137 150
137 161
137 162
137 169
137 174
137 178
137 182
137 186
137 190
137 198
137 203
137 207
137 214
137 240
137 244
137 247
137 256
137 259
137 261
137 283
137 295
137 299
138 146
138 149
138 155
138 157
138 160
138 170
138 178
138 179
138 182
138 205
138 206
138 216
138 217
138 219
138 224
138 228
138 235
138 238
138 242
138 254
138 259
138 263
138 264
138 285
138 287
138 288
138 294
139 140
139 143
139 145
139 146
139 150
139 155
139 171
139 173
139 176
139 185
139 189
139 191
139 192
139 195
139 198
139 201
139 207
139 209
139 210
139 212
139 214
139 215
139 220
139 223
139 250
139 258
139 291
139 293
139 299
140 145
140 148
140 151
140 156
140 160
140 170
140 173
140 176
140 182
140 186
140 187
140 190
140 201
140 202
140 204
140 208
140 219
140 220
140 222
140 225
140 227
140 236
140 237
140 242
140 244
140 246
140 247
140 251
140 253
140 258
140 267
140 277
140 281
140 284
140 291
140 292
140 294
140 295
141 151
141 153
141 155
141 156
141 161
141 172
141 173
141 179
141 186
141 188
141 193
141 197
141 200
141 216
141 220
141 245
141 246
141 272
141 274
141 277
141 293
141 294
142 144
142 149
142 150
142 155
142 163
142 168
142 174
142 175
142 176
142 177
142 178
142 182
142 185
142 196
142 197
142 198
142 201
142 215
142 222
142 233
142 235
142 237
142 238
142 240
142 242
142 256
142 257
142 264
142 267
142 284
142 291
142 296
142 298
142 299
143 145
143 156
143 162
143 174
143 175
143 179
143 197
143 201
143 210
143 211
143 214
143 217
143 218
143 223
143 225
143 234
143 237
143 255
143 263
143 268
143 279
143 286
144 148
144 162
144 163
144 170
144 180
144 181
144 182
144 187
144 195
144 196
144 200
144 208
144 209
144 213
144 214
144 215
144 248
144 250
144 252
144 269
144 271
144 277
144 280
144 295
145 146
145 148
145 150
145 154
145 160
145 164
145 168
145 171
145 174
145 182
145 186
145 187
145 196
145 199
145 200
145 205
145 210
145 213
145 220
145 221
145 226
145 229
145 233
145 244
145 251
145 254
145 255
145 256
145 286
146 150
146 154
146 157
146 158
146 162
146 166
146 170
146 174
146 177
146 178
146 179
146 181
146 198
146 201
146 212
146 213
146 218
146 221
146 223
146 232
146 242
146 245
146 249
146 250
146 268
146 277
146 279
146 281
146 285
146 288
146 294
146 295
146 298
147 149
147 153
147 171
147 182
147 186
147 201
147 207
147 211
147 214
147 227
147 250
147 263
147 267
147 270
147 272
147 280
147 284
147 287
147 298
148 149
148 150
148 154
148 167
148 173
148 188
148 189
148 190
148 191
148 202
148 204
148 205
148 206
148 207
148 209
148 210
148 215
148 224
148 241
148 243
148 244
148 247
148 266
148 267
148 276
148 277
148 299
149 163
149 167
149 170
149 171
149 174
149 175
149 179
149 185
149 200
149 201
149 202
149 203
149 205
149 206
149 207
149 208
149 215
149 217
149 224
149 225
149 229
149 232
149 235
149 238
149 239
149 242
149 250
149 257
149 258
149 264
149 269
149 274
149 291
149 294
150 157
150 159
150 160
150 165
150 172
150 175
150 180
150 189
150 198
150 199
150 201
150 202
150 203
150 211
150 214
150 218
150 221
150 227
150 232
150 244
150 246
150 247
150 249
150 254
150 257
150 269
150 271
150 274
150 276
150 278
150 292
150 293
150 296
151 163
151 166
151 169
151 170
151 188
151 204
151 220
151 222
151 227
151 228
151 230
151 243
151 245
151 254
151 260
151 266
151 277
151 286
151 288
152 156
152 157
152 164
152 165
152 166
152 167
152 176
152 179
152 180
152 182
152 187
152 189
152 197
152 207
152 224
152 230
152 240
152 244
152 250
152 253
152 254
152 262
152 265
152 269
152 272
152 275
152 281
152 284
152 291
152 294
152 296
152 298
153 160
153 170
153 184
153 189
153 195
153 196
153 197
153 198
153 199
153 213
153 214
153 215
153 217
153 223
153 224
153 228
153 230
153 234
153 235
153 236
153 238
153 248
153 250
153 251
153 260
153 266
153 280
153 284
153 287
154 157
154 158
154 167
154 169
154 173
154 176
154 177
154 179
154 195
154 201
154 212
154 224
154 228
154 232
154 234
154 236
154 237
154 244
154 246
154 248
154 257
154 259
154 264
154 265
154 268
154 273
154 274
154 276
154 285
154 286
155 159
155 169
155 170
155 173
155 176
155 181
155 184
155 192
155 193
155 196
155 199
155 204
155 214
155 220
155 222
155 231
155 234
155 238
155 257
155 260
155 262
155 267
155 270
155 274
155 275
155 282
155 296
155 298
155 299
156 159
156 167
156 169
156 173
156 177
156 181
156 189
156 222
156 224
156 231
156 233
156 239
156 240
156 244
156 249
156 258
156 266
156 269
156 274
156 279
156 280
156 281
156 293
157 160
157 164
157 165
157 167
157 171
157 180
157 184
157 217
157 219
157 220
157 221
157 229
157 241
157 248
157 256
157 263
157 264
157 270
157 273
157 275
157 276
157 279
157 282
157 287
157 289
158 159
158 160
158 164
158 165
158 166
158 169
158 173
158 179
158 184
158 196
158 197
158 201
158 205
158 210
158 212
158 216
158 224
158 231
158 234
158 238
158 241
158 245
158 246
158 249
158 250
158 255
158 256
158 261
158 268
158 272
158 275
158 282
158 283
158 293
159 173
159 179
159 181
159 182
159 185
159 194
159 200
159 204
159 209
159 216
159 221
159 232
159 246
159 248
159 249
159 261
159 267
159 280
159 285
159 288
159 290
159 299
160 161
160 166
160 167
160 173
160 186
160 191
160 193
160 194
160 198
160 201
160 206
160 208
160 209
160 214
160 225
160 226
160 238
160 245
160 246
160 253
160 255
160 274
160 278
160 282
160 284
160 293
161 167
161 169
161 173
161 179
161 186
161 192
161 195
161 196
161 197
161 208
161 215
161 221
161 223
161 226
161 228
161 240
161 241
161 243
161 256
161 268
161 275
161 277
161 280
161 281
161 292
162 174
162 179
162 182
162 183
162 184
162 190
162 191
162 200
162 206
162 208
162 210
162 216
162 225
162 227
162 230
162 247
162 249
162 252
162 254
162 259
162 267
162 270
162 275
162 287
162 299
163 177
163 180
163 184
163 188
163 199
163 203
163 207
163 209
163 214
163 222
163 224
163 225
163 227
163 240
163 249
163 251
163 254
163 255
163 262
163 265
163 276
163 286
163 288
163 292
163 298
164 174
164 182
164 185
164 191
164 193
164 194
164 200
164 208
164 209
164 216
164 229
164 235
164 241
164 247
164 266
164 277
164 281
164 287
165 166
165 168
165 173
165 175
165 176
165 184
165 195
165 196
165 199
165 204
165 220
165 231
165 257
165 260
165 264
165 267
165 269
165 276
165 277
165 294
166 169
166 184
166 185
166 193
166 194
166 195
166 196
166 203
166 206
166 218
166 221
166 229
166 233
166 238
166 256
166 268
166 277
166 279
166 287
166 290
166 295
166 297
167 176
167 200
167 201
167 208
167 211
167 230
167 237
167 245
167 259
167 263
167 265
167 275
167 280
167 282
167 284
167 289
167 293
168 178
168 184
168 185
168 189
168 201
168 202
168 208
168 211
168 212
168 213
168 222
168 223
168 230
168 235
168 237
168 238
168 242
168 243
168 246
168 252
168 255
168 256
168 261
168 270
168 272
168 274
168 282
168 287
168 296
169 178
169 180
169 185
169 189
169 199
169 201
169 207
169 212
169 216
169 218
169 224
169 225
169 229
169 236
169 237
169 243
169 261
169 271
169 278
169 284
169 285
169 289
170 175
170 177
170 179
170 185
170 191
170 192
170 205
170 206
170 213
170 216
170 228
170 229
170 236
170 250
170 257
170 268
170 270
170 274
170 275
170 281
170 285
170 293
170 294
170 296
171 173
171 188
171 191
171 195
171 210
171 211
171 213
171 216
171 230
171 235
171 236
171 243
171 244
171 246
171 247
171 248
171 249
171 262
171 268
171 276
171 277
171 278
171 286
171 288
171 299
172 173
172 179
172 190
172 191
172 194
172 204
172 208
172 211
172 214
172 226
172 236
172 241
172 244
172 249
172 250
172 254
172 258
172 265
172 269
172 283
172 289
172 290
172 292
173 175
173 177
173 191
173 195
173 197
173 199
173 200
173 204
173 205
173 207
173 212
173 214
173 215
173 225
173 226
173 231
173 236
173 242
173 250
173 251
173 254
173 266
173 276
173 282
173 283
173 286
174 180
174 188
174 193
174 194
174 197
174 201
174 207
174 211
174 212
174 214
174 216
174 218
174 219
174 221
174 224
174 226
174 233
174 240
174 241
174 246
174 256
174 261
174 279
174 287
174 289
175 189
175 203
175 209
175 219
175 220
175 233
175 237
175 255
175 256
175 260
175 267
175 268
175 274
175 275
175 278
175 286
175 287
175 290
175 295
176 184
176 185
176 195
176 204
176 207
176 208
176 217
176 219
176 223
176 236
176 239
176 241
176 260
176 266
176 268
176 269
176 274
176 281
176 283
176 287
176 288
176 291
176 296
176 297
177 186
177 187
177 190
177 193
177 201
177 205
177 206
177 207
177 215
177 243
177 250
177 251
177 254
177 259
177 278
177 279
177 286
177 289
177 290
178 189
178 192
178 203
178 208
178 209
178 216
178 222
178 224
178 232
178 242
178 246
178 248
178 256
178 264
178 265
178 273
178 274
178 279
178 293
179 181
179 187
179 197
179 199
179 217
179 218
179 220
179 227
179 241
179 244
179 245
179 247
179 248
179 249
179 252
179 258
179 269
179 270
179 271
179 276
179 283
179 284
180 181
180 186
180 187
180 204
180 207
180 215
180 225
180 238
180 240
180 245
180 247
180 248
180 258
180 262
180 270
180 272
180 277
180 280
180 294
180 297
181 183
181 187
181 196
181 197
181 198
181 202
181 204
181 214
181 230
181 232
181 233
181 236
181 243
181 245
181 252
181 257
181 275
181 284
181 285
181 286
181 290
182 183
182 187
182 188
182 190
182 199
182 206
182 214
182 215
182 220
182 224
182 229
182 233
182 234
182 241
182 254
182 255
182 257
182 258
182 260
182 266
182 268
182 271
182 272
182 273
182 282
182 292
183 190
183 199
183 201
183 203
183 205
183 209
183 211
183 223
183 224
183 240
183 245
183 247
183 255
183 256
183 257
183 265
183 266
183 267
183 269
183 278
183 280
183 281
183 283
183 286
183 287
183 289
183 296
184 186
184 187
184 196
184 203
184 205
184 210
184 214
184 216
184 220
184 227
184 228
184 234
184 236
184 237
184 241
184 246
184 251
184 267
184 273
184 274
184 279
184 280
184 291
184 292
185 194
185 195
185 209
185 211
185 214
185 218
185 222
185 232
185 240
185 245
185 246
185 250
185 252
185 254
185 261
185 265
185 267
185 270
185 271
185 274
185 276
185 277
185 278
185 286
185 290
185 291
185 295
185 296
185 298
186 188
186 189
186 193
186 205
186 206
186 210
186 212
186 221
186 225
186 227
186 233
186 238
186 240
186 241
186 242
186 247
186 255
186 259
186 261
186 262
186 270
186 282
186 288
186 293
187 189
187 192
187 194
187 203
187 204
187 209
187 213
187 217
187 222
187 224
187 231
187 235
187 238
187 249
187 253
187 266
187 269
187 273
187 274
187 275
187 277
187 289
187 295
188 189
188 195
188 200
188 205
188 221
188 229
188 230
188 234
188 244
188 247
188 254
188 269
188 270
188 275
188 277
188 280
188 284
188 285
188 293
188 294
188 296
189 191
189 196
189 197
189 199
189 203
189 205
189 208
189 211
189 212
189 222
189 231
189 233
189 237
189 238
189 239
189 240
189 242
189 248
189 249
189 255
189 257
189 262
189 266
189 269
189 270
189 277
189 283
189 286
189 294
190 201
190 205
190 206
190 208
190 209
190 214
190 218
190 225
190 234
190 238
190 249
190 250
190 253
190 267
190 270
190 273
190 283
190 285
190 288
190 291
190 295
191 193
191 194
191 199
191 205
191 212
191 217
191 226
191 227
191 230
191 234
191 237
191 240
191 243
191 248
191 255
191 264
191 267
191 284
191 290
191 293
192 206
192 214
192 215
192 223
192 239
192 248
192 256
192 262
192 268
192 273
192 274
192 299
193 194
193 196
193 197
193 210
193 215
193 218
193 219
193 223
193 231
193 233
193 234
193 235
193 244
193 245
193 246
193 252
193 256
193 260
193 261
193 266
193 268
193 271
193 274
193 276
193 278
193 283
193 286
193 287
193 292
193 294
194 196
194 198
194 199
194 211
194 216
194 219
194 221
194 222
194 233
194 238
194 240
194 242
194 250
194 264
194 268
194 275
194 281
194 286
194 288
194 290
194 292
194 293
194 295
194 296
194 298
195 200
195 216
195 217
195 218
195 220
195 223
195 228
195 232
195 241
195 243
195 252
195 254
195 256
195 261
195 263
195 273
195 274
195 276
195 285
195 288
196 198
196 207
196 211
196 212
196 215
196 228
196 236
196 239
196 245
196 249
196 253
196 254
196 263
196 266
196 267
196 281
196 282
196 284
196 288
197 198
197 203
197 213
197 219
197 227
197 232
197 236
197 240
197 245
197 257
197 264
197 266
197 268
197 283
197 288
198 207
198 212
198 219
198 226
198 227
198 234
198 235
198 237
198 244
198 257
198 264
198 265
198 266
198 276
198 288
198 294
198 296
199 207
199 210
199 215
199 222
199 224
199 229
199 232
199 235
199 248
199 255
199 256
199 260
199 269
199 275
199 292
199 296
200 204
200 205
200 211
200 213
200 220
200 227
200 232
200 235
200 236
200 240
200 243
200 246
200 249
200 250
200 259
200 270
200 271
200 272
200 275
200 280
200 297
200 299
201 211
201 212
201 215
201 216
201 217
201 222
201 225
201 228
201 231
201 241
201 242
201 244
201 258
201 263
201 265
201 276
201 278
201 279
201 282
201 283
201 284
201 286
201 288
201 291
201 292
202 203
202 215
202 221
202 225
202 226
202 232
202 249
202 250
202 268
202 275
202 280
202 281
203 206
203 212
203 214
203 223
203 224
203 225
203 228
203 229
203 240
203 241
203 250
203 252
203 261
203 262
203 265
203 266
203 278
203 282
203 283
203 285
203 289
203 293
203 298
204 208
204 214
204 237
204 243
204 245
204 253
204 255
204 259
204 260
204 263
204 264
204 274
204 275
204 279
204 282
204 295
204 298
205 212
205 215
205 223
205 225
205 228
205 229
205 230
205 233
205 237
205 246
205 249
205 250
205 251
205 252
205 255
205 256
205 264
205 281
205 293
205 294
205 297
206 209
206 219
206 220
206 227
206 228
206 231
206 239
206 243
206 246
206 250
206 258
206 261
206 264
206 271
206 278
206 281
206 289
206 290
206 293
206 297
207 213
207 223
207 226
207 227
207 229
207 232
207 235
207 240
207 244
207 250
207 255
207 258
207 266
207 269
207 274
207 282
207 283
207 288
207 293
208 221
208 223
208 234
208 242
208 248
208 258
208 265
208 271
208 281
208 285
208 293
208 299
209 210
209 219
209 228
209 231
209 233
209 235
209 236
209 240
209 246
209 254
209 264
209 268
209 278
209 286
209 291
209 292
209 293
209 294
210 212
210 216
210 217
210 219
210 222
210 226
210 229
210 235
210 236
210 238
210 243
210 246
210 269
210 273
210 276
210 279
210 281
210 284
210 292
211 217
211 221
211 226
211 231
211 238
211 241
211 249
211 250
211 252
211 255
211 267
211 273
211 286
211 292
212 216
212 220
212 221
212 234
212 240
212 249
212 250
212 258
212 260
212 266
212 267
212 269
212 274
212 279
212 287
212 293
212 296
213 214
213 215
213 227
213 230
213 231
213 233
213 240
213 246
213 248
213 250
213 251
213 257
213 260
213 261
213 262
213 271
213 290
213 297
214 216
214 217
214 223
214 253
214 255
214 258
214 269
214 274
214 275
214 278
214 282
214 285
214 288
214 291
214 296
214 299
215 219
215 223
215 224
215 236
215 237
215 244
215 255
215 259
215 278
215 296
216 225
216 226
216 228
216 237
216 247
216 248
216 250
216 262
216 266
216 267
216 271
216 281
216 283
216 287
216 289
216 299
217 218
217 221
217 225
217 245
217 247
217 248
217 252
217 277
217 289
217 291
217 297
217 298
218 225
218 236
218 238
218 246
218 263
218 269
218 272
218 276
218 277
218 282
218 287
218 293
218 296
219 230
219 236
219 238
219 239
219 247
219 251
219 255
219 257
219 259
219 265
219 268
219 270
219 271
219 272
219 277
219 278
219 281
219 282
219 285
219 287
219 296
219 299
220 223
220 227
220 228
220 232
220 239
220 247
220 251
220 263
220 266
220 267
220 269
220 278
220 281
220 282
220 284
220 285
220 287
220 289
220 294
220 298
221 224
221 225
221 230
221 233
221 237
221 239
221 242
221 248
221 249
221 251
221 268
221 271
221 273
221 280
221 281
221 284
221 287
221 289
222 224
222 230
222 231
222 242
222 245
222 252
222 260
222 261
222 276
222 279
222 284
222 286
222 287
222 292
222 293
222 298
223 227
223 235
223 252
223 261
223 275
223 278
223 280
223 285
223 294
224 232
224 234
224 241
224 247
224 254
224 255
224 259
224 261
224 264
224 276
224 281
224 282
224 294
225 244
225 261
225 263
225 270
225 279
225 280
225 292
225 293
225 294
225 295
226 228
226 237
226 249
226 265
226 266
226 267
226 273
226 274
226 280
226 282
226 286
226 291
226 295
226 297
227 230
227 232
227 236
227 243
227 248
227 263
227 269
227 287
227 289
228 230
228 232
228 233
228 236
228 239
228 241
228 251
228 257
228 268
228 270
228 273
228 275
228 277
228 280
228 289
228 293
228 294
229 230
229 235
229 236
229 241
229 244
229 246
229 247
229 253
229 254
229 261
229 263
229 264
229 268
229 273
229 276
229 284
229 288
229 292
229 293
229 294
229 298
230 233
230 239
230 242
230 244
230 248
230 253
230 259
230 261
230 281
230 288
230 290
230 291
231 232
231 236
231 240
231 244
231 248
231 250
231 258
231 260
231 266
231 271
231 272
231 283
231 284
231 290
231 296
232 239
232 249
232 256
232 264
232 265
232 271
232 272
232 274
232 279
232 282
232 284
232 285
232 290
232 293
232 294
232 297
233 234
233 241
233 242
233 249
233 252
233 254
233 255
233 256
233 257
233 258
233 259
233 261
233 268
233 274
233 278
233 287
233 288
233 294
233 295
233 299
234 245
234 252
234 253
234 263
234 266
234 269
234 277
234 278
234 283
234 284
234 292
234 293
234 294
234 296
235 243
235 244
235 251
235 253
235 254
235 258
235 261
235 263
235 264
235 275
235 286
235 290
235 299
236 242
236 255
236 256
236 257
236 267
236 269
236 274
236 276
236 284
236 294
236 296
236 299
237 252
237 256
237 258
237 267
237 273
237 280
237 282
237 283
237 284
237 285
237 292
237 296
238 250
238 251
238 252
238 257
238 260
238 261
238 262
238 268
238 273
238 278
238 280
238 283
238 293
239 242
239 244
239 248
239 249
239 250
239 254
239 264
239 265
239 266
239 273
239 275
239 277
239 283
239 284
239 288
239 293
239 296
240 245
240 251
240 257
240 258
240 261
240 262
240 265
240 268
240 271
240 280
240 283
240 286
240 290
241 243
241 247
241 254
241 255
241 267
241 272
241 281
241 289
241 299
242 243
242 267
242 270
242 275
242 279
242 287
243 246
243 250
243 260
243 272
243 274
243 282
243 284
243 288
243 289
243 290
244 248
244 255
244 256
244 273
244 274
244 275
244 285
244 286
244 298
245 246
245 251
245 261
245 262
245 263
245 264
245 275
245 276
245 285
245 297
246 248
246 271
246 274
246 276
246 277
246 278
246 295
247 250
247 252
247 254
247 260
247 261
247 264
247 265
247 269
247 270
247 280
247 285
247 287
247 290
247 292
248 250
248 254
248 261
248 263
248 266
248 275
248 276
248 279
248 289
248 292
248 295
249 254
249 259
249 264
249 266
249 268
249 270
249 273
249 275
249 279
249 281
249 292
249 294
249 298
250 255
250 256
250 257
250 258
250 264
250 275
250 276
250 278
250 279
250 289
250 293
250 296
250 298
251 254
251 255
251 258
251 264
251 268
251 279
251 292
251 295
252 257
252 261
252 267
252 268
252 269
252 274
252 275
252 277
252 280
252 294
252 296
252 297
252 298
253 262
253 264
253 265
253 273
253 274
253 275
253 276
253 286
253 290
253 295
254 258
254 261
254 264
254 273
254 277
254 280
254 283
254 294
255 258
255 267
255 276
255 280
255 282
255 284
255 287
255 290
255 292
255 295
255 296
255 298
256 269
256 275
256 280
256 284
256 293
256 294
257 275
257 276
257 282
257 284
257 292
257 295
258 262
258 263
258 265
258 267
258 268
258 269
258 277
258 279
258 290
258 294
258 298
259 260
259 267
259 278
259 286
259 289
259 298
260 262
260 269
260 280
260 285
260 286
260 287
260 291
260 293
260 297
261 265
261 267
261 270
261 272
261 274
261 279
261 283
261 288
261 296
261 298
262 265
262 276
262 277
262 278
262 288
263 266
263 273
263 279
263 281
263 291
263 297
264 268
264 274
264 275
264 280
264 284
264 285
264 291
265 266
265 268
265 271
265 280
265 283
265 294
265 298
266 281
266 282
266 284
266 288
266 291
266 292
266 297
267 269
267 270
267 271
267 283
267 293
267 297
268 271
268 277
268 280
268 284
268 285
268 291
268 296
268 297
268 298
269 272
269 273
269 278
269 282
269 283
269 284
269 293
269 296
269 299
270 274
270 275
270 281
270 284
270 286
270 297
271 276
271 279
271 286
271 291
272 277
272 290
272 294
272 299
273 274
273 284
274 278
274 291
274 292
275 279
275 281
275 282
275 288
275 298
276 278
276 285
276 288
276 298
277 280
277 287
277 294
278 290
278 292
278 297
279 282
279 292
279 295
279 299
280 298
281 282
281 285
281 286
281 292
281 296
281 299
282 298
283 286
283 290
283 291
283 297
284 287
284 289
284 292
284 293
284 294
284 297
285 288
285 291
285 292
285 294
285 297
286 293
286 299
287 294
287 295
288 289
288 296
289 294
289 296
290 291
291 296
292 293
292 294
292 295
292 298
293 294
293 297
293 299
294 295
294 299
295 297
295 298
295 299
296 298
