300 2220
0 55
0 58
0 85
0 135
0 139
0 148
0 151
0 167
0 173
0 184
0 235
0 261
0 267
0 294
1 46
1 53
1 59
1 70
1 94
1 106
1 107
1 117
1 128
1 139
1 149
1 178
1 228
1 253
1 260
1 270
1 272
2 3
2 12
2 37
2 45
2 84
2 85
2 118
2 120
2 133
2 175
2 189
2 191
2 207
2 220
2 232
2 238
2 256
2 276
2 278
3 5
3 15
3 18
3 120
3 168
3 178
3 190
3 195
3 203
3 232
3 241
3 250
3 284
3 293
4 9
4 11
4 40
4 42
4 67
4 109
4 114
4 152
4 158
4 196
4 201
4 210
4 217
4 226
4 227
4 254
4 257
4 258
4 262
4 271
4 274
4 282
4 291
5 29
5 49
5 52
5 82
5 105
5 122
5 148
5 162
5 179
5 184
5 195
5 205
5 210
5 214
5 228
5 233
5 248
5 279
6 35
6 51
6 58
6 86
6 147
6 177
6 224
6 264
6 283
7 11
7 45
7 55
7 68
7 106
7 110
7 114
7 121
7 125
7 146
7 227
7 243
7 250
7 261
7 263
7 294
7 295
8 27
8 50
8 70
8 102
8 113
8 114
8 123
8 137
8 167
8 181
8 193
8 196
8 248
8 256
9 31
9 170
9 258
9 262
9 274
9 286
10 31
10 53
10 97
10 99
10 146
10 147
10 155
10 186
10 201
10 223
10 233
10 235
10 249
10 252
10 255
10 265
10 273
10 293
11 16
11 55
11 74
11 95
11 191
11 200
11 208
11 217
11 255
11 268
11 276
11 280
12 35
12 92
12 119
12 159
12 169
12 201
12 217
12 263
12 271
12 283
12 294
12 295
12 297
13 38
13 67
13 75
13 102
13 111
13 119
13 126
13 140
13 162
13 190
13 192
13 210
13 266
13 275
14 88
14 97
14 114
14 151
14 155
14 170
14 175
14 213
14 221
14 232
14 280
15 17
15 20
15 32
15 48
15 162
15 165
15 169
15 176
15 185
15 220
15 231
15 241
15 246
15 251
15 267
16 33
16 43
16 47
16 87
16 98
16 134
16 138
16 163
16 165
16 182
16 196
16 234
16 238
16 241
16 252
16 272
16 274
16 282
16 289
16 291
17 58
17 88
17 96
17 144
17 148
17 176
17 187
17 200
17 218
17 224
17 235
18 20
18 30
18 72
18 74
18 81
18 91
18 101
18 139
18 149
18 190
18 204
18 209
18 223
18 224
18 247
18 282
19 27
19 43
19 57
19 83
19 87
19 106
19 113
19 159
19 160
19 168
19 226
19 235
19 249
19 258
19 291
19 292
20 29
20 81
20 112
20 113
20 119
20 168
20 175
20 196
20 278
21 32
21 101
21 121
21 132
21 178
21 198
21 208
21 252
21 254
21 269
21 280
22 49
22 56
22 69
22 139
22 182
22 203
22 219
22 244
22 253
22 283
23 32
23 43
23 93
23 110
23 122
23 165
23 174
23 188
23 202
23 204
23 212
23 232
23 238
23 245
23 249
23 263
23 266
23 289
24 29
24 47
24 49
24 116
24 131
24 148
24 188
24 282
24 293
24 299
25 66
25 106
25 119
25 128
25 148
25 151
25 183
25 215
25 238
25 253
25 280
25 290
25 297
26 34
26 43
26 59
26 60
26 74
26 83
26 85
26 88
26 105
26 108
26 113
26 127
26 140
26 151
26 167
26 172
26 250
26 268
26 270
26 286
27 44
27 48
27 79
27 89
27 97
27 110
27 133
27 174
27 181
27 197
27 199
27 216
27 232
27 233
27 236
27 277
27 279
27 281
27 296
28 32
28 72
28 109
28 119
28 132
28 135
28 136
28 172
28 176
28 180
28 199
28 256
28 259
28 261
28 270
28 297
29 40
29 55
29 74
29 78
29 92
29 104
29 120
29 129
29 131
29 139
29 149
29 172
29 186
29 197
29 199
29 227
29 239
29 268
29 291
30 34
30 38
30 59
30 117
30 180
30 182
30 190
30 211
30 230
30 234
30 240
31 41
31 48
31 51
31 89
31 124
31 131
31 166
31 180
31 226
31 245
31 253
31 275
32 45
32 87
32 138
32 140
32 145
32 148
32 164
32 205
32 215
32 236
32 250
32 252
32 253
32 254
32 279
32 292
32 297
33 78
33 83
33 93
33 128
33 131
33 137
33 147
33 150
33 190
33 203
33 213
33 218
33 224
33 239
33 245
33 251
34 43
34 53
34 55
34 61
34 64
34 69
34 98
34 104
34 148
34 187
34 205
34 206
34 216
34 219
34 234
34 241
34 248
34 293
34 296
35 51
35 62
35 86
35 91
35 108
35 115
35 187
35 224
35 233
35 242
35 279
36 54
36 72
36 166
36 167
36 186
36 191
36 212
36 231
36 238
36 242
36 291
37 42
37 63
37 73
37 166
37 223
37 235
37 241
37 245
37 266
37 291
38 114
38 136
38 140
38 159
38 175
38 176
38 191
38 199
38 214
38 230
38 244
38 247
38 248
38 273
38 280
38 283
38 286
39 71
39 75
39 103
39 116
39 188
39 249
39 250
39 273
39 287
40 56
40 71
40 119
40 143
40 218
40 226
40 249
40 276
41 54
41 70
41 72
41 100
41 108
41 115
41 124
41 129
41 168
41 184
41 212
41 224
41 239
41 242
41 244
41 255
41 266
41 280
42 87
42 88
42 235
42 271
43 91
43 94
43 96
43 107
43 125
43 138
43 184
43 188
43 201
43 203
43 217
43 228
43 265
43 272
44 100
44 106
44 159
44 162
44 171
44 177
44 183
44 211
44 227
44 234
44 257
44 262
44 285
45 54
45 57
45 65
45 87
45 101
45 146
45 154
45 165
45 180
45 188
45 192
45 230
45 247
45 249
45 267
46 89
46 101
46 105
46 109
46 154
46 155
46 174
46 201
46 214
46 240
47 107
47 116
47 122
47 123
47 161
47 197
47 204
47 217
47 244
47 253
47 271
47 273
48 55
48 68
48 71
48 113
48 123
48 127
48 170
48 212
48 217
48 242
48 244
48 285
48 289
48 297
49 64
49 65
49 67
49 77
49 101
49 111
49 121
49 181
49 264
49 282
49 290
49 298
50 59
50 79
50 94
50 131
50 175
50 198
50 221
50 243
50 274
50 297
50 299
51 88
51 98
51 130
51 178
51 195
51 202
51 213
51 219
51 235
51 239
51 281
51 290
52 56
52 77
52 111
52 132
52 145
52 165
52 169
52 185
52 190
52 197
52 218
52 224
52 230
52 235
52 251
52 252
52 257
52 260
52 263
52 266
52 269
53 82
53 89
53 104
53 108
53 139
53 173
53 183
53 186
53 193
53 236
53 249
53 282
53 290
54 118
54 148
54 157
54 185
54 192
54 194
54 197
54 200
54 209
54 214
54 270
54 272
55 67
55 69
55 76
55 82
55 84
55 101
55 128
55 155
55 194
55 201
55 258
55 286
56 82
56 87
56 126
56 163
56 164
56 174
56 213
56 235
57 60
57 126
57 135
57 153
57 171
57 186
57 203
57 212
57 239
58 74
58 97
58 106
58 130
58 150
58 186
58 200
58 232
58 236
58 244
58 248
58 253
58 265
58 272
59 125
59 128
59 146
59 161
59 212
59 272
59 280
59 290
60 75
60 93
60 103
60 110
60 128
60 133
60 139
60 159
60 177
60 185
60 222
60 249
60 250
60 275
60 297
61 108
61 110
61 140
61 149
61 176
61 193
61 195
61 217
62 83
62 92
62 94
62 107
62 137
62 146
62 149
62 152
62 205
62 219
62 273
62 294
63 71
63 96
63 112
63 146
63 151
63 160
63 200
63 203
63 251
63 252
63 254
63 261
63 277
63 285
64 68
64 77
64 102
64 121
64 137
64 150
64 152
64 163
64 178
64 191
64 198
64 243
64 251
64 252
64 269
64 276
65 113
65 182
65 192
65 204
65 208
65 274
65 290
66 69
66 102
66 113
66 127
66 144
66 155
66 189
66 206
66 225
66 242
66 267
66 275
67 74
67 130
67 170
67 171
67 198
67 207
67 234
67 244
67 266
67 298
68 80
68 86
68 111
68 114
68 123
68 125
68 141
68 172
68 182
68 226
68 227
68 236
68 243
68 258
69 89
69 91
69 103
69 132
69 144
69 173
69 176
69 202
69 239
69 242
69 277
70 79
70 122
70 135
70 143
70 166
70 174
70 178
70 206
70 265
70 271
71 83
71 84
71 111
71 161
71 202
71 222
71 243
71 245
71 256
71 272
71 277
71 298
72 76
72 113
72 139
72 150
72 151
72 162
72 167
72 174
72 204
72 209
72 225
72 226
72 242
72 277
72 290
72 291
72 292
72 298
73 96
73 101
73 103
73 109
73 113
73 116
73 117
73 130
73 143
73 148
73 163
73 167
73 244
73 247
73 269
74 87
74 97
74 135
74 143
74 148
74 153
74 158
74 162
74 168
74 171
74 173
74 191
74 226
74 253
74 268
74 283
74 294
75 89
75 90
75 104
75 110
75 121
75 142
75 144
75 163
75 165
75 174
75 192
75 194
75 214
75 226
75 231
75 252
76 84
76 110
76 113
76 127
76 143
76 240
76 284
77 86
77 97
77 108
77 163
77 174
77 218
77 227
77 239
77 246
78 82
78 107
78 123
78 131
78 249
78 260
78 272
78 275
78 279
79 89
79 97
79 146
79 183
79 243
79 291
79 292
80 83
80 103
80 112
80 141
80 163
80 167
80 201
80 205
80 214
80 257
80 266
80 272
80 278
81 113
81 129
81 141
81 143
81 162
81 178
81 189
81 196
81 245
81 256
81 260
81 264
81 293
82 111
82 113
82 201
82 224
82 226
82 255
82 268
82 273
82 274
82 280
83 130
83 163
83 190
83 231
83 295
84 111
84 163
84 174
84 191
84 196
84 198
84 249
84 259
84 262
84 266
85 108
85 110
85 125
85 129
85 145
85 154
85 162
85 218
85 228
85 234
85 256
85 258
85 272
86 96
86 198
86 214
86 295
87 108
87 122
87 128
87 131
87 132
87 171
87 203
87 207
87 235
87 263
87 267
87 270
87 286
88 93
88 140
88 161
88 163
88 189
88 194
88 241
88 252
88 273
88 280
88 295
89 97
89 128
89 166
89 189
89 196
89 201
89 263
89 268
89 286
90 124
90 135
90 204
90 238
90 263
91 180
91 183
91 202
91 206
91 222
91 233
91 252
91 287
92 115
92 149
92 167
92 199
92 214
92 219
92 232
92 235
92 265
93 113
93 124
93 178
93 213
93 223
93 233
93 243
94 97
94 133
94 143
94 158
94 159
94 183
94 201
94 247
94 261
94 282
95 120
95 129
95 134
95 140
95 272
96 118
96 142
96 152
96 153
96 156
96 164
96 236
96 244
96 268
96 270
96 278
97 103
97 105
97 180
97 181
97 214
97 222
97 233
97 275
97 286
97 288
97 289
98 135
98 166
98 168
98 169
98 194
98 199
98 239
98 276
98 293
99 123
99 154
99 183
99 205
99 219
99 224
99 233
99 242
99 274
99 284
99 296
99 299
100 106
100 122
100 136
100 161
100 170
100 184
100 191
100 197
100 259
100 269
100 278
100 284
101 107
101 179
101 201
101 210
101 238
101 247
101 254
101 271
101 288
102 103
102 129
102 135
102 142
102 177
102 198
102 234
102 263
102 282
103 105
103 109
103 137
103 212
103 227
103 237
103 268
103 271
104 124
104 242
104 246
105 144
105 203
105 210
105 212
105 231
105 244
105 261
105 281
105 283
106 132
106 137
106 143
106 151
106 163
106 168
106 185
106 213
106 279
107 121
107 125
107 143
107 150
107 177
107 178
107 203
107 226
107 235
107 261
107 278
107 292
107 298
108 111
108 112
108 140
108 147
108 167
108 177
108 231
108 263
108 283
108 284
109 115
109 135
109 174
109 227
109 233
109 236
109 263
109 268
110 130
110 160
110 200
110 213
110 230
110 253
111 113
111 139
111 140
111 155
111 173
111 175
111 182
111 190
111 205
111 219
111 229
111 257
111 262
111 271
112 130
112 145
112 150
112 173
112 182
112 203
112 210
112 220
112 222
112 253
113 120
113 136
113 144
113 161
113 186
113 219
113 232
113 268
114 121
114 124
114 138
114 158
114 188
114 193
114 198
114 201
114 257
114 274
114 293
115 128
115 140
115 159
115 168
115 171
115 193
115 209
115 225
115 227
115 240
116 142
116 164
116 171
116 182
116 183
116 188
116 196
116 223
116 275
117 149
117 151
117 153
117 156
117 192
117 202
117 205
117 206
117 222
117 245
117 255
117 264
117 288
117 290
118 121
118 124
118 157
118 168
118 183
118 192
118 231
118 245
118 254
118 265
119 139
119 207
119 258
119 259
119 284
119 293
120 142
120 149
120 151
120 182
120 201
120 235
120 258
120 276
120 298
121 151
121 164
121 185
121 189
121 198
121 227
121 269
121 298
121 299
122 164
122 166
122 177
122 234
122 242
122 270
122 278
122 280
122 296
123 129
123 130
123 135
123 174
123 224
123 278
123 292
123 295
123 299
124 138
124 149
124 177
124 182
124 183
124 188
124 203
124 233
124 287
125 126
125 138
125 187
125 203
125 217
125 222
125 270
126 169
126 217
126 229
126 235
126 288
126 291
126 294
127 136
127 154
127 178
127 191
127 223
127 224
127 252
127 257
127 265
127 275
127 289
128 184
128 195
128 206
128 224
128 231
128 234
128 251
128 263
128 297
129 161
129 190
129 192
129 233
129 240
129 242
129 289
130 149
130 158
130 176
130 186
130 187
130 224
130 226
130 230
130 249
130 252
130 265
131 152
131 156
131 164
131 172
131 216
131 238
131 287
131 292
132 142
132 146
132 152
132 165
132 179
132 191
132 205
132 227
132 237
132 244
132 267
133 137
133 153
133 164
133 191
133 193
133 200
133 210
133 214
133 240
133 242
133 265
133 295
134 145
134 158
134 171
134 210
134 213
134 235
134 247
134 277
134 295
135 149
135 162
135 168
135 243
135 246
135 253
135 255
135 256
135 276
135 281
136 139
136 170
136 174
136 196
136 197
136 198
136 253
136 256
136 259
136 287
137 142
137 153
137 174
137 189
137 196
137 197
137 201
137 248
137 256
137 268
137 271
138 139
138 151
138 152
138 160
138 181
138 191
138 196
138 217
138 222
138 248
138 251
138 262
138 271
138 273
139 158
139 174
139 189
139 199
139 226
139 240
139 279
140 155
140 156
140 204
140 245
140 264
140 267
141 177
141 190
141 213
141 238
141 258
141 284
141 290
141 295
142 153
142 198
142 205
142 234
142 259
142 260
142 283
142 293
142 296
143 158
143 176
143 177
143 178
143 226
143 233
143 285
143 294
144 190
144 199
144 221
144 281
145 161
145 162
145 206
145 256
145 267
145 285
145 286
146 153
146 173
146 199
146 222
146 255
146 270
146 299
147 168
147 179
147 238
147 241
147 274
148 157
148 164
148 169
148 188
148 230
148 253
148 259
149 159
149 222
149 223
149 226
149 243
149 249
149 268
150 161
150 218
151 193
151 198
151 217
151 255
151 291
152 156
152 183
152 190
152 192
152 208
152 264
152 274
152 286
153 188
153 201
153 288
154 182
154 193
154 202
154 278
155 194
155 209
155 237
155 260
155 283
155 291
156 160
156 188
156 191
156 195
156 223
157 186
157 246
157 249
157 251
157 269
157 275
157 278
157 280
157 293
158 168
158 191
158 193
158 201
158 229
158 260
158 263
158 275
159 171
159 174
159 204
159 227
159 232
159 236
159 242
159 257
159 259
159 262
159 266
159 278
160 207
160 234
160 247
160 257
160 272
160 277
160 292
160 298
161 179
161 189
161 204
161 221
161 236
161 246
161 265
161 283
162 190
162 198
162 248
162 251
162 259
163 175
163 217
163 240
163 241
163 246
163 263
164 184
164 227
164 228
164 236
164 241
164 250
164 270
165 181
165 207
165 228
165 245
165 259
165 263
165 270
165 272
165 290
166 193
166 203
166 246
166 279
166 285
167 170
167 235
167 240
167 245
167 246
167 253
167 289
168 172
168 177
168 193
168 197
168 200
168 203
168 256
168 261
168 270
168 291
169 208
169 282
170 186
170 187
170 193
170 200
170 209
170 250
170 258
170 259
170 289
171 189
171 211
171 216
171 223
171 233
171 243
171 248
171 266
171 267
171 268
171 297
171 299
172 180
172 187
172 208
172 210
172 239
173 199
173 226
173 250
173 277
173 280
173 285
174 205
174 235
174 242
174 268
174 283
175 201
175 226
175 245
175 254
175 285
176 190
176 233
176 255
176 271
176 290
177 234
177 237
177 259
177 277
177 283
178 202
178 220
178 241
178 275
178 276
179 191
179 256
179 261
179 291
180 257
181 184
181 216
181 218
181 270
181 274
182 184
182 189
182 209
182 227
182 248
182 250
182 267
182 274
182 277
183 213
183 232
183 256
183 265
184 207
184 222
184 262
184 282
185 195
185 212
185 221
185 265
185 269
185 287
185 289
185 292
185 297
186 188
186 208
186 247
186 257
186 267
187 201
187 205
187 206
187 217
187 223
187 279
187 280
187 295
188 194
188 203
188 213
188 240
188 259
188 264
188 274
188 277
188 299
189 230
189 243
189 278
189 282
190 195
190 198
190 252
190 262
190 266
190 299
191 194
191 238
191 267
191 296
191 298
192 213
192 246
192 259
192 263
192 291
193 196
193 232
193 267
193 285
194 204
194 227
194 238
194 244
194 245
194 292
195 203
195 207
195 226
195 249
196 203
196 207
196 214
196 250
196 280
196 286
197 204
197 229
197 235
197 244
197 285
198 199
198 213
198 216
198 222
198 224
198 226
198 275
198 280
198 282
198 298
199 200
199 250
199 275
199 277
199 286
199 290
200 220
200 255
201 212
201 226
201 255
201 266
201 275
201 281
202 214
202 227
202 239
202 244
202 246
202 290
203 218
203 247
204 209
204 219
204 239
204 251
204 273
204 297
205 215
205 216
205 226
205 259
205 275
205 291
206 228
206 266
206 269
206 292
207 221
207 251
207 257
208 214
208 252
208 263
208 274
209 249
209 251
210 259
210 262
210 268
211 212
211 236
211 243
211 265
212 220
212 248
212 259
212 271
212 275
212 287
212 290
213 242
213 266
214 229
214 231
214 250
214 266
214 268
215 241
216 217
216 236
216 246
216 255
216 258
216 293
217 245
217 274
217 284
218 222
218 228
218 252
218 258
218 263
218 270
218 281
219 221
219 222
219 228
219 260
219 291
220 224
220 249
220 257
220 259
221 239
221 278
221 280
222 229
222 241
222 270
222 280
223 228
223 229
223 252
223 269
223 274
223 276
223 279
223 285
224 267
225 230
225 267
225 270
225 286
226 227
226 230
226 243
227 228
227 245
227 263
227 285
228 234
228 238
228 242
228 248
229 238
229 247
229 276
230 241
230 275
231 244
231 257
231 278
231 283
231 292
232 263
232 281
233 268
233 275
233 297
234 257
234 259
234 275
234 294
235 257
235 268
236 245
236 254
236 276
236 295
237 275
237 289
237 294
237 295
238 265
238 268
238 288
238 297
239 249
239 289
239 293
240 241
241 287
241 292
242 266
242 267
242 293
242 297
244 285
245 266
245 273
246 260
246 262
246 276
246 286
247 249
247 294
248 287
249 255
249 288
250 261
251 263
251 282
251 297
252 298
253 256
254 275
254 283
255 257
255 274
255 277
255 288
255 289
256 265
256 283
256 290
257 261
257 292
258 283
258 284
259 269
259 294
261 294
262 270
262 283
263 277
263 293
264 272
264 291
265 273
267 269
267 271
267 294
269 270
270 291
271 279
271 284
271 286
274 279
274 280
275 281
275 292
276 282
277 283
277 298
279 282
279 286
280 283
282 294
283 290
284 292
291 294
292 299
294 297
