200 1600
0 3
0 4
0 14
0 24
0 33
0 72
0 79
0 83
0 85
0 111
0 114
0 116
0 123
0 125
0 149
0 158
0 163
0 170
0 176
0 182
0 185
0 198
1 10
1 19
1 24
1 35
1 38
1 65
1 67
1 69
1 82
1 93
1 95
1 105
1 133
1 139
1 145
1 154
1 157
1 175
1 192
2 12
2 46
2 64
2 71
2 75
2 80
2 87
2 103
2 108
2 128
2 149
2 150
2 174
2 183
3 35
3 52
3 53
3 61
3 75
3 91
3 92
3 141
3 146
3 156
3 158
3 164
3 168
3 176
3 182
3 185
3 186
3 199
4 10
4 16
4 31
4 67
4 78
4 90
4 101
4 102
4 140
4 159
4 163
4 182
4 184
4 188
4 191
4 194
4 195
5 14
5 37
5 61
5 84
5 87
5 95
5 110
5 123
5 132
5 147
5 152
5 175
5 184
5 199
6 43
6 50
6 56
6 58
6 69
6 119
6 134
6 141
6 150
6 159
6 164
6 167
6 168
6 177
6 182
6 189
6 199
7 25
7 45
7 61
7 84
7 87
7 154
7 157
7 166
7 180
7 196
7 199
8 16
8 63
8 65
8 86
8 89
8 95
8 113
8 114
8 123
8 126
8 137
8 141
8 148
8 153
8 163
8 167
8 184
9 16
9 32
9 40
9 51
9 58
9 68
9 73
9 74
9 77
9 80
9 86
9 95
9 140
9 153
9 173
9 181
9 195
10 57
10 58
10 74
10 92
10 103
10 129
10 138
10 171
10 178
11 30
11 40
11 68
11 104
11 109
11 111
11 113
11 140
11 143
11 144
11 145
11 146
11 179
11 192
11 193
12 17
12 25
12 46
12 47
12 58
12 65
12 74
12 75
12 113
12 137
12 158
12 176
12 193
12 199
13 21
13 32
13 39
13 51
13 55
13 84
13 100
13 116
13 122
13 135
13 140
13 146
13 154
13 161
13 163
14 34
14 41
14 43
14 50
14 54
14 76
14 100
14 104
14 106
14 128
14 130
14 137
14 152
14 154
14 158
14 172
14 195
15 19
15 24
15 41
15 42
15 68
15 85
15 102
15 146
15 148
15 198
16 26
16 27
16 38
16 69
16 79
16 81
16 90
16 91
16 98
16 100
16 109
16 137
16 157
16 159
16 164
16 181
16 182
16 194
17 26
17 33
17 39
17 58
17 64
17 72
17 79
17 114
17 126
17 143
17 147
17 154
18 36
18 41
18 42
18 52
18 66
18 87
18 91
18 113
18 141
18 144
18 173
18 189
19 55
19 90
19 129
19 160
19 163
20 45
20 60
20 89
20 104
20 138
20 145
20 150
20 156
20 165
20 170
20 173
20 177
20 179
20 182
20 194
20 196
20 197
21 37
21 45
21 48
21 58
21 60
21 63
21 100
21 104
21 117
21 127
21 141
21 148
21 155
21 182
21 191
21 199
22 26
22 27
22 65
22 71
22 101
22 112
22 114
22 115
22 121
22 156
22 181
23 28
23 33
23 35
23 41
23 53
23 66
23 71
23 84
23 111
23 112
23 115
23 122
23 133
23 171
23 173
23 181
24 37
24 41
24 50
24 60
24 66
24 83
24 90
24 142
24 156
24 167
24 176
25 40
25 67
25 79
25 104
25 109
25 130
25 148
25 155
25 158
25 164
25 168
25 199
26 42
26 54
26 57
26 81
26 87
26 95
26 102
26 107
26 114
26 116
26 132
26 149
26 153
26 164
26 168
26 181
26 198
27 28
27 42
27 59
27 74
27 96
27 99
27 115
27 116
27 164
27 168
27 190
28 29
28 56
28 67
28 78
28 81
28 104
28 139
28 145
28 150
28 162
29 35
29 37
29 49
29 62
29 121
29 130
29 141
29 163
29 169
29 170
29 172
29 181
30 55
30 66
30 91
30 106
30 110
30 117
30 118
30 119
30 143
30 152
31 43
31 51
31 53
31 123
31 134
31 159
31 162
31 190
32 33
32 41
32 42
32 55
32 73
32 97
32 100
32 112
32 138
32 157
32 166
32 197
33 43
33 56
33 73
33 75
33 79
33 83
33 95
33 101
33 128
33 140
33 154
33 155
33 181
33 189
33 192
34 35
34 36
34 49
34 51
34 52
34 57
34 77
34 90
34 96
34 117
34 133
34 139
34 148
34 160
34 195
35 39
35 42
35 43
35 91
35 102
35 123
35 132
35 147
35 171
35 172
35 189
35 191
35 193
36 81
36 84
36 120
36 121
36 124
36 129
36 144
36 179
36 187
36 191
36 195
36 196
37 46
37 59
37 64
37 68
37 72
37 115
37 125
37 143
37 166
37 182
37 197
38 56
38 102
38 110
38 128
38 155
38 158
38 184
38 189
38 192
39 41
39 46
39 52
39 58
39 63
39 72
39 115
39 142
39 147
39 151
39 166
39 173
39 183
39 190
40 45
40 49
40 74
40 82
40 95
40 98
40 108
40 112
40 115
40 117
40 135
40 141
40 147
40 181
40 185
40 195
41 46
41 69
41 82
41 107
41 146
41 164
41 183
42 44
42 76
42 80
42 84
42 113
42 155
42 158
42 166
42 171
42 180
42 182
43 44
43 48
43 61
43 79
43 86
43 91
43 102
43 110
43 122
43 123
43 132
43 160
43 161
44 52
44 82
44 96
44 136
44 168
44 174
44 176
44 179
44 190
44 194
45 53
45 106
45 145
45 155
45 160
45 175
45 176
45 198
46 55
46 60
46 61
46 108
46 115
46 120
46 134
46 150
46 167
46 184
46 191
46 197
47 65
47 76
47 90
47 93
47 101
47 103
47 109
47 115
47 121
47 129
47 152
47 164
47 169
48 57
48 61
48 66
48 92
48 119
48 123
48 125
48 131
48 145
48 152
48 154
48 155
48 171
49 69
49 75
49 90
49 103
49 116
49 128
49 142
49 174
49 181
49 195
50 61
50 62
50 78
50 80
50 93
50 114
50 119
50 121
50 122
50 132
50 133
50 140
50 142
50 143
50 147
50 166
50 183
50 195
51 83
51 102
51 123
51 131
51 140
51 198
52 93
52 97
52 100
52 105
52 113
52 122
52 126
52 128
52 131
52 136
52 137
52 140
52 145
52 147
52 151
52 154
52 169
52 176
52 182
52 183
52 197
53 67
53 78
53 101
53 107
53 108
53 136
53 152
53 163
53 167
53 177
53 198
54 55
54 89
54 99
54 121
54 127
54 140
54 191
54 192
54 197
55 81
55 115
55 122
55 134
55 142
55 164
55 193
56 83
56 98
56 99
56 100
56 106
56 109
56 128
56 131
56 133
56 141
56 148
56 162
56 168
56 189
57 59
57 68
57 70
57 73
57 87
57 90
57 96
57 99
57 145
57 162
57 170
57 171
58 76
58 78
58 81
58 90
58 104
58 109
58 125
58 132
58 133
58 137
58 147
58 151
59 62
59 69
59 79
59 104
59 124
59 143
59 168
59 197
60 61
60 84
60 85
60 94
60 106
60 118
60 121
60 127
60 130
60 137
60 140
60 155
60 162
60 194
61 71
61 81
61 90
61 95
61 98
61 103
61 109
61 138
61 139
61 141
61 142
61 150
61 155
61 183
62 65
62 72
62 76
62 79
62 114
62 131
62 140
62 149
62 161
63 68
63 80
63 87
63 103
63 105
63 112
63 116
63 120
63 124
63 127
63 133
63 134
63 150
63 171
63 176
64 82
64 109
64 114
64 116
64 123
64 148
64 163
64 186
65 66
65 76
65 88
65 103
65 108
65 129
65 142
65 180
65 192
66 73
66 84
66 93
66 103
66 109
66 110
66 112
66 116
66 127
66 177
66 188
66 189
66 194
66 197
67 68
67 76
67 84
67 113
67 118
67 119
67 153
67 161
67 176
67 188
68 74
68 95
68 99
68 109
68 121
68 125
68 140
68 154
68 159
68 175
68 196
69 72
69 90
69 105
69 111
69 112
69 120
69 150
69 154
69 169
69 182
70 73
70 81
70 89
70 93
70 95
70 142
70 147
70 169
70 191
71 72
71 84
71 90
71 110
71 129
71 147
71 154
71 155
71 160
71 170
71 175
71 178
72 75
72 113
72 129
72 130
72 136
72 170
72 177
72 178
72 184
72 190
72 195
73 76
73 86
73 89
73 97
73 106
73 123
73 129
73 130
73 158
73 159
73 161
73 164
73 197
74 79
74 80
74 95
74 107
74 134
74 169
74 174
75 112
75 139
75 163
75 169
75 180
75 181
75 184
76 90
76 109
76 158
76 162
76 165
76 167
76 170
76 187
77 86
77 88
77 91
77 94
77 101
77 133
77 152
77 158
77 163
77 168
77 177
77 199
78 79
78 80
78 91
78 97
78 102
78 126
78 134
78 142
78 159
78 175
78 178
78 182
78 183
78 184
78 188
78 198
79 88
79 91
79 94
79 114
79 119
79 132
79 133
79 151
79 164
79 173
79 181
79 193
79 198
80 108
80 112
80 115
80 127
80 129
80 133
80 138
80 159
80 165
80 166
80 168
80 173
81 102
81 142
81 159
81 166
81 180
81 186
82 89
82 94
82 131
82 137
82 149
82 168
82 170
82 180
82 196
82 197
83 102
83 110
83 123
83 149
83 150
83 166
83 175
83 179
83 198
84 103
84 128
84 146
84 153
85 106
85 109
85 112
85 118
85 119
85 141
85 163
85 179
85 198
86 91
86 108
86 131
86 158
86 167
86 169
86 197
87 92
87 93
87 117
87 122
87 125
87 143
87 151
88 91
88 96
88 103
88 105
88 112
88 133
88 167
88 174
88 177
88 178
88 194
89 91
89 93
89 95
89 101
89 102
89 116
89 125
89 142
90 95
90 97
90 113
90 131
90 132
90 147
90 157
90 168
90 169
90 174
90 180
90 185
90 186
90 187
90 192
91 105
91 108
91 113
91 151
91 157
91 185
92 99
92 103
92 118
92 138
92 141
92 154
92 155
92 168
92 194
93 96
93 104
93 118
93 134
93 139
93 187
94 100
94 104
94 135
95 113
95 124
95 126
95 149
95 159
95 160
95 187
96 103
96 105
96 111
96 128
96 129
96 140
96 150
96 161
96 168
96 176
96 178
96 183
96 191
97 102
97 104
97 111
97 129
97 130
97 141
97 153
97 160
97 168
97 171
97 182
97 183
97 187
98 103
98 116
98 132
98 139
98 140
98 157
98 162
98 163
98 172
98 191
98 199
99 104
99 108
99 115
99 125
99 132
99 157
99 165
99 168
99 179
99 195
100 104
100 116
100 157
100 173
100 176
100 190
101 131
101 144
101 161
101 171
101 177
101 189
102 123
102 151
102 166
102 198
103 117
103 143
103 150
103 173
103 188
103 192
104 113
104 118
104 119
104 123
104 133
104 154
104 158
104 168
104 195
104 196
105 107
105 126
105 134
105 136
105 149
105 150
105 154
105 164
105 165
105 170
105 177
105 180
106 145
106 155
106 156
106 161
106 167
106 169
106 184
106 188
106 194
107 109
107 119
107 154
107 159
107 191
108 122
108 129
108 144
108 147
108 151
108 169
108 177
108 185
108 189
109 111
109 115
109 116
109 117
109 125
109 126
109 151
109 159
109 166
109 179
110 154
110 156
111 114
111 119
111 134
111 135
111 142
111 162
111 184
111 192
111 199
112 134
112 152
112 158
112 172
112 173
112 195
113 114
113 132
113 137
113 140
113 150
113 171
114 124
114 125
114 126
114 129
114 134
114 139
114 144
114 164
114 166
114 168
114 199
115 131
115 167
115 171
116 132
116 154
116 155
116 156
116 175
116 184
117 130
117 134
117 135
117 158
117 170
117 173
117 193
117 199
118 127
118 133
118 140
118 143
118 145
118 149
118 152
118 178
118 180
118 193
119 120
119 124
119 138
119 165
119 180
119 181
119 189
120 136
120 138
120 140
120 147
120 162
120 164
120 178
120 191
121 131
121 148
121 154
121 175
121 182
121 185
121 188
122 145
122 147
122 160
122 164
122 167
122 177
122 179
122 187
122 190
122 197
123 131
123 144
123 147
123 150
123 190
124 126
124 128
124 159
124 168
125 134
125 164
125 173
125 175
125 191
125 194
125 196
126 149
126 154
126 167
126 188
126 189
127 137
127 143
127 160
127 169
127 173
127 175
127 193
127 197
128 151
128 170
128 179
128 181
128 189
129 137
129 153
129 163
129 167
129 191
129 199
130 144
130 145
130 149
130 176
130 191
130 192
131 141
131 151
131 153
131 161
131 164
131 173
131 179
131 185
131 197
132 164
132 166
132 177
132 180
133 134
133 170
133 173
133 191
134 137
134 148
134 166
135 170
135 183
135 191
135 194
136 146
136 167
136 172
136 182
136 186
136 188
136 196
136 197
137 148
137 156
137 167
137 170
137 173
137 182
137 187
138 139
138 173
138 179
138 181
138 184
138 187
138 194
138 199
139 145
139 151
139 162
139 171
139 172
139 184
139 194
139 196
139 198
140 154
140 158
140 160
140 166
140 172
140 181
140 188
141 145
141 153
141 158
142 145
142 148
142 153
143 173
143 190
144 154
144 155
144 160
144 161
144 175
144 193
145 162
145 164
146 147
146 162
146 198
147 149
147 162
147 163
147 174
147 180
147 183
147 184
149 150
149 166
149 195
149 197
150 160
150 168
150 174
150 175
150 179
151 165
151 166
151 172
151 175
151 176
151 177
151 178
151 183
151 199
152 167
152 193
153 154
154 173
154 174
154 182
154 183
154 190
154 194
154 196
155 168
155 170
155 191
156 168
156 171
156 173
156 190
156 192
156 197
157 163
157 176
157 183
157 191
157 193
157 195
157 196
158 161
158 181
158 182
158 188
158 196
159 164
159 166
159 186
159 195
159 196
160 166
160 182
160 199
161 168
161 178
161 180
162 190
162 193
163 166
163 170
163 171
163 193
164 172
164 173
164 189
165 199
166 167
166 174
166 175
166 185
166 189
167 172
167 173
167 183
167 194
167 198
167 199
168 172
169 172
169 175
169 179
170 181
170 183
170 195
170 199
171 173
171 179
171 182
171 185
171 195
172 174
173 193
173 199
174 176
174 181
174 184
174 196
175 179
175 180
175 197
176 189
177 179
178 182
178 186
178 187
178 188
181 188
181 196
182 188
183 186
184 197
185 193
187 194
187 195
188 191
188 195
188 198
