100 468
0 19
0 44
0 46
0 75
0 82
0 98
1 34
1 41
1 59
1 64
1 85
1 98
2 42
2 49
2 50
2 66
2 71
2 74
2 76
2 82
2 84
2 87
2 88
2 93
2 94
3 7
3 15
3 19
3 24
3 31
3 41
3 55
3 73
3 86
3 93
3 96
4 38
4 55
4 65
4 67
4 74
4 86
4 93
4 94
5 28
5 45
5 67
5 71
5 73
5 75
6 13
6 18
6 28
6 35
6 36
6 38
6 43
6 60
6 63
6 76
6 90
6 94
6 96
7 12
7 27
7 32
7 35
7 37
7 42
7 43
7 61
7 66
7 75
7 81
7 84
7 93
7 98
8 27
8 60
8 65
8 83
8 90
8 91
9 15
9 30
9 32
9 82
9 90
10 12
10 19
10 21
10 29
10 39
10 72
10 81
10 85
11 13
11 40
11 68
11 80
12 19
12 48
12 60
12 75
12 83
12 85
13 53
13 61
13 67
13 81
13 82
13 83
13 99
14 19
14 31
14 33
14 37
14 38
14 48
14 52
14 76
14 99
15 21
15 29
15 32
15 60
15 64
15 68
15 77
15 92
15 94
16 40
16 48
16 60
16 83
16 88
17 19
17 26
17 29
17 35
17 53
17 67
17 77
17 78
17 91
17 92
17 99
18 19
18 30
18 32
18 54
18 68
18 77
18 80
18 87
18 88
19 25
19 29
19 43
19 52
19 53
19 55
19 60
19 62
19 65
19 72
19 87
19 99
20 26
20 31
20 36
20 43
20 45
20 47
20 54
20 57
20 59
20 63
20 70
20 77
20 95
20 96
21 35
21 37
21 39
21 52
21 53
21 54
21 59
21 64
21 68
21 81
21 96
22 43
22 57
22 58
22 66
22 69
22 79
23 47
23 59
23 64
23 67
23 74
23 76
23 84
23 97
23 98
23 99
24 33
24 38
24 46
24 59
24 76
24 77
24 80
25 26
25 53
25 68
25 71
25 84
25 92
26 33
26 35
26 37
26 45
26 50
26 54
26 59
26 94
27 32
27 44
27 72
27 77
27 86
28 33
28 34
28 58
29 52
29 68
29 72
29 73
29 79
29 88
30 45
30 52
30 67
30 74
30 99
31 37
31 39
31 41
31 42
31 62
31 68
31 95
32 44
32 45
32 53
32 60
32 61
32 64
32 71
32 97
33 67
33 71
33 85
33 94
33 96
34 41
34 74
34 86
34 93
34 95
35 41
35 44
35 51
35 53
35 58
35 73
35 84
36 46
36 55
36 60
36 85
36 86
36 94
36 98
37 45
37 48
37 54
37 59
37 60
37 61
37 73
37 78
37 82
37 87
38 48
38 54
38 55
38 58
38 60
38 68
38 74
38 82
38 95
38 96
39 50
39 78
39 91
40 42
40 47
40 54
40 56
40 74
40 84
40 92
41 48
41 58
41 63
41 67
41 74
41 75
41 88
42 52
42 57
42 76
42 78
42 79
42 97
43 49
43 73
43 78
43 82
43 90
43 99
44 48
44 49
44 53
44 59
44 71
44 95
45 52
45 58
45 68
46 60
46 68
46 76
47 50
47 54
47 59
47 62
47 63
47 65
47 69
47 80
47 83
47 99
48 62
48 70
48 91
48 96
49 58
49 59
49 68
49 96
50 56
50 91
50 95
50 98
51 58
51 63
51 79
52 53
52 65
52 66
52 67
52 69
52 86
52 89
52 92
52 95
53 60
53 66
53 84
53 90
54 57
54 58
54 88
54 90
55 77
55 94
57 80
57 91
58 72
58 79
58 89
59 71
59 84
59 93
59 98
60 64
60 67
60 74
61 69
61 71
61 75
61 87
61 97
62 72
62 88
63 65
63 69
63 73
63 81
63 89
63 98
64 66
65 76
65 93
65 94
65 95
66 79
66 80
66 83
66 90
67 70
67 77
67 79
68 79
68 92
69 92
70 85
70 94
70 97
71 74
71 83
72 98
73 75
73 89
73 90
73 91
75 83
76 94
76 96
77 80
77 81
77 96
77 99
78 87
79 86
81 85
81 94
83 94
83 98
84 85
84 93
84 97
86 93
88 89
88 96
90 96
90 98
91 95
93 94
95 98
97 99
