500 6309
0 9
0 30
0 41
0 96
0 102
0 128
0 164
0 205
0 263
0 279
0 316
0 333
0 349
0 364
0 367
0 371
0 382
0 392
0 408
0 417
0 431
0 452
0 458
0 496
1 65
1 93
1 102
1 113
1 121
1 132
1 156
1 185
1 190
1 206
1 215
1 281
1 310
1 321
1 368
1 384
1 393
1 451
1 470
2 7
2 12
2 20
2 42
2 50
2 54
2 64
2 73
2 83
2 107
2 123
2 146
2 228
2 263
2 273
2 278
2 341
2 358
2 369
2 376
2 380
2 381
2 426
3 19
3 22
3 34
3 41
3 89
3 124
3 196
3 218
3 240
3 253
3 271
3 291
3 294
3 296
3 316
3 328
3 345
3 365
3 376
3 382
3 401
3 402
3 410
3 417
3 419
3 442
3 457
3 484
3 491
4 10
4 23
4 30
4 37
4 48
4 83
4 101
4 108
4 128
4 153
4 166
4 171
4 203
4 241
4 243
4 256
4 306
4 373
4 387
4 398
4 410
4 461
4 473
4 497
5 11
5 12
5 23
5 31
5 59
5 84
5 87
5 110
5 120
5 139
5 142
5 162
5 167
5 173
5 177
5 192
5 216
5 295
5 296
5 300
5 318
5 374
5 387
5 470
5 476
5 480
6 44
6 45
6 81
6 89
6 107
6 109
6 257
6 259
6 288
6 353
6 358
6 366
6 386
6 421
6 422
6 445
6 454
7 19
7 26
7 33
7 51
7 69
7 182
7 188
7 189
7 222
7 257
7 268
7 269
7 285
7 303
7 306
7 322
7 410
7 455
7 478
8 11
8 45
8 47
8 70
8 75
8 80
8 85
8 97
8 103
8 109
8 114
8 118
8 152
8 166
8 176
8 187
8 191
8 198
8 207
8 216
8 280
8 305
8 322
8 336
8 341
8 352
8 371
8 390
8 406
8 407
8 408
8 450
8 481
8 483
8 489
8 499
9 13
9 15
9 27
9 33
9 83
9 90
9 116
9 141
9 160
9 205
9 227
9 228
9 232
9 238
9 264
9 323
9 353
9 367
9 379
9 381
9 386
9 400
9 407
9 445
9 497
10 12
10 46
10 64
10 91
10 101
10 143
10 147
10 151
10 216
10 289
10 317
10 331
10 343
10 348
10 356
10 396
10 426
10 440
10 446
10 488
10 498
11 30
11 46
11 64
11 98
11 125
11 130
11 134
11 141
11 174
11 187
11 188
11 228
11 235
11 265
11 302
11 328
11 342
11 410
11 444
11 454
11 492
12 13
12 38
12 54
12 65
12 82
12 87
12 100
12 101
12 121
12 125
12 144
12 150
12 169
12 199
12 238
12 261
12 263
12 288
12 318
12 328
12 345
12 386
12 412
12 421
12 430
12 442
12 468
12 481
13 25
13 41
13 45
13 83
13 99
13 117
13 155
13 183
13 185
13 229
13 230
13 241
13 260
13 261
13 269
13 296
13 320
13 333
13 343
13 376
13 386
13 396
13 419
13 455
13 467
13 468
14 21
14 29
14 54
14 70
14 73
14 102
14 140
14 149
14 155
14 157
14 158
14 169
14 195
14 205
14 249
14 253
14 262
14 301
14 312
14 317
14 374
14 378
14 391
14 416
14 478
14 499
15 37
15 102
15 128
15 139
15 232
15 247
15 280
15 284
15 357
15 375
15 415
15 418
15 419
15 428
15 432
15 433
15 441
15 472
15 478
16 29
16 39
16 54
16 73
16 81
16 85
16 90
16 99
16 106
16 110
16 118
16 129
16 158
16 159
16 163
16 166
16 197
16 203
16 223
16 248
16 250
16 277
16 281
16 287
16 363
16 364
16 369
16 390
16 420
16 461
16 463
16 468
16 469
16 481
16 496
17 22
17 31
17 58
17 61
17 105
17 113
17 139
17 169
17 171
17 188
17 200
17 247
17 298
17 305
17 309
17 320
17 330
17 336
17 405
17 409
17 443
17 460
17 472
17 485
18 40
18 67
18 70
18 91
18 134
18 147
18 166
18 186
18 189
18 219
18 223
18 232
18 235
18 239
18 264
18 296
18 372
18 403
18 418
18 421
18 446
18 476
18 497
19 34
19 55
19 71
19 88
19 100
19 126
19 172
19 242
19 249
19 267
19 286
19 322
19 328
19 350
19 351
19 385
19 424
19 435
19 449
19 452
19 463
19 474
20 25
20 61
20 70
20 79
20 87
20 91
20 94
20 104
20 173
20 176
20 189
20 195
20 201
20 205
20 212
20 225
20 253
20 290
20 337
20 340
20 347
20 353
20 360
20 387
20 389
20 391
20 397
20 414
20 438
20 448
20 484
20 491
21 36
21 64
21 77
21 78
21 136
21 166
21 217
21 250
21 266
21 288
21 306
21 320
21 346
21 379
21 419
21 426
21 428
21 446
21 448
21 460
21 461
21 462
21 482
21 493
22 70
22 85
22 96
22 109
22 134
22 158
22 161
22 164
22 172
22 181
22 182
22 190
22 202
22 206
22 209
22 247
22 255
22 274
22 276
22 291
22 306
22 344
22 349
22 352
22 353
22 365
22 391
22 399
22 402
22 421
22 492
23 35
23 44
23 126
23 127
23 136
23 155
23 167
23 171
23 173
23 204
23 216
23 246
23 255
23 305
23 328
23 410
23 430
23 434
23 458
23 461
24 80
24 115
24 152
24 156
24 177
24 199
24 204
24 212
24 235
24 252
24 270
24 296
24 334
24 350
24 371
24 387
24 426
24 431
24 436
24 450
25 66
25 69
25 70
25 87
25 100
25 108
25 115
25 132
25 151
25 160
25 161
25 182
25 185
25 192
25 266
25 292
25 340
25 350
25 379
25 384
25 385
25 440
25 459
25 468
25 492
26 37
26 54
26 59
26 64
26 76
26 90
26 91
26 92
26 97
26 104
26 116
26 121
26 137
26 158
26 169
26 171
26 191
26 195
26 210
26 220
26 283
26 297
26 309
26 311
26 326
26 332
26 333
26 349
26 389
26 393
26 409
26 446
26 457
26 461
26 467
26 484
27 35
27 38
27 54
27 100
27 109
27 169
27 180
27 208
27 269
27 286
27 313
27 323
27 333
27 374
27 388
27 408
27 412
27 444
27 474
27 495
28 33
28 37
28 45
28 68
28 73
28 76
28 91
28 97
28 103
28 104
28 155
28 158
28 249
28 255
28 265
28 270
28 305
28 330
28 364
28 405
28 465
28 470
28 485
29 49
29 53
29 100
29 112
29 131
29 133
29 164
29 191
29 217
29 252
29 268
29 316
29 324
29 337
29 341
29 352
29 365
29 409
29 428
29 433
29 464
29 473
29 491
29 499
30 32
30 33
30 71
30 87
30 113
30 182
30 183
30 188
30 208
30 223
30 227
30 241
30 267
30 274
30 290
30 313
30 320
30 340
30 372
30 378
30 398
30 423
30 444
30 463
31 50
31 55
31 62
31 78
31 117
31 123
31 130
31 151
31 174
31 203
31 207
31 208
31 258
31 272
31 275
31 277
31 363
31 396
31 430
31 442
31 459
31 481
31 499
32 46
32 58
32 93
32 110
32 117
32 124
32 145
32 154
32 180
32 183
32 198
32 212
32 214
32 222
32 234
32 269
32 280
32 282
32 287
32 335
32 343
32 349
32 363
32 414
32 423
32 436
32 443
32 462
32 465
32 490
32 496
33 34
33 36
33 37
33 39
33 49
33 85
33 88
33 92
33 110
33 130
33 167
33 169
33 194
33 205
33 228
33 245
33 275
33 287
33 309
33 365
33 392
33 416
33 427
33 442
33 471
33 477
34 57
34 88
34 109
34 115
34 149
34 161
34 189
34 190
34 203
34 236
34 243
34 267
34 274
34 298
34 312
34 332
34 349
34 364
34 369
34 376
34 409
34 440
34 454
34 457
34 471
34 484
35 42
35 58
35 146
35 159
35 168
35 175
35 194
35 242
35 266
35 277
35 294
35 303
35 328
35 331
35 339
35 348
35 376
35 395
35 415
35 426
35 429
35 434
35 448
35 479
35 481
35 497
36 49
36 52
36 78
36 106
36 117
36 151
36 153
36 175
36 176
36 214
36 219
36 232
36 260
36 375
36 399
36 423
36 447
36 454
37 48
37 62
37 66
37 72
37 79
37 95
37 144
37 155
37 183
37 188
37 237
37 257
37 261
37 348
37 358
37 441
37 445
37 491
37 494
38 60
38 75
38 117
38 118
38 124
38 125
38 132
38 158
38 161
38 167
38 168
38 235
38 250
38 261
38 263
38 305
38 318
38 326
38 349
38 353
38 373
38 376
38 380
38 405
38 495
38 496
39 53
39 54
39 60
39 78
39 103
39 105
39 109
39 114
39 131
39 140
39 162
39 300
39 310
39 315
39 331
39 362
39 385
39 396
39 405
39 420
39 435
39 476
39 485
40 51
40 52
40 117
40 175
40 202
40 204
40 215
40 219
40 278
40 308
40 361
40 379
40 409
40 411
40 491
41 69
41 81
41 99
41 109
41 113
41 121
41 150
41 173
41 174
41 200
41 213
41 216
41 220
41 242
41 244
41 245
41 296
41 367
41 369
41 377
41 448
41 455
41 472
41 499
42 112
42 122
42 127
42 128
42 155
42 191
42 210
42 274
42 278
42 288
42 321
42 327
42 331
42 334
42 344
42 362
42 385
42 415
42 418
42 433
42 439
42 448
42 457
42 482
43 53
43 62
43 73
43 99
43 104
43 112
43 116
43 125
43 143
43 164
43 172
43 219
43 224
43 263
43 278
43 283
43 318
43 327
43 332
43 338
43 346
43 466
43 490
43 497
44 49
44 53
44 60
44 157
44 172
44 185
44 205
44 214
44 247
44 268
44 295
44 302
44 316
44 323
44 324
44 388
44 417
44 428
44 474
45 60
45 72
45 87
45 97
45 158
45 160
45 174
45 179
45 185
45 190
45 222
45 239
45 241
45 248
45 261
45 304
45 326
45 338
45 344
45 385
45 389
45 417
45 431
45 445
46 66
46 77
46 117
46 160
46 162
46 167
46 173
46 174
46 180
46 199
46 285
46 288
46 302
46 323
46 325
46 371
46 380
46 394
46 432
46 441
46 453
46 482
46 493
46 499
47 74
47 103
47 106
47 119
47 121
47 133
47 135
47 138
47 158
47 184
47 201
47 213
47 224
47 275
47 289
47 292
47 303
47 338
47 339
47 343
47 350
47 362
47 366
47 375
47 378
47 417
47 477
47 486
48 50
48 163
48 220
48 239
48 242
48 283
48 291
48 323
48 338
48 347
48 357
48 385
48 386
48 396
48 402
48 410
48 456
48 475
49 61
49 86
49 106
49 137
49 160
49 173
49 179
49 184
49 197
49 211
49 214
49 223
49 230
49 239
49 251
49 255
49 306
49 321
49 365
49 382
49 414
49 419
49 447
49 476
49 482
49 489
49 498
50 92
50 119
50 126
50 135
50 241
50 261
50 292
50 299
50 340
50 343
50 411
50 426
50 428
50 435
50 443
50 445
50 446
50 464
50 473
51 57
51 76
51 77
51 81
51 100
51 111
51 118
51 121
51 175
51 190
51 243
51 272
51 285
51 292
51 294
51 306
51 313
51 318
51 325
51 328
51 385
51 452
51 461
52 71
52 77
52 90
52 94
52 98
52 124
52 137
52 141
52 161
52 165
52 172
52 177
52 201
52 218
52 225
52 267
52 275
52 304
52 331
52 336
52 355
52 363
52 378
52 389
52 391
52 405
52 412
52 419
52 423
52 469
53 62
53 76
53 86
53 100
53 158
53 185
53 195
53 200
53 218
53 234
53 270
53 328
53 356
53 357
53 362
53 363
53 366
53 371
53 387
53 402
53 419
53 422
53 428
53 477
53 478
53 483
53 492
54 151
54 176
54 178
54 240
54 314
54 331
54 334
54 346
54 376
54 410
54 426
54 478
54 496
55 111
55 143
55 144
55 147
55 153
55 156
55 174
55 210
55 248
55 252
55 288
55 362
55 365
55 398
55 412
55 491
56 57
56 133
56 150
56 174
56 235
56 274
56 282
56 304
56 318
56 322
56 328
56 378
56 396
56 409
56 424
56 452
56 461
56 491
57 62
57 95
57 97
57 111
57 155
57 259
57 311
57 357
57 361
57 365
57 366
57 367
57 371
57 404
57 417
57 430
57 442
57 470
58 74
58 79
58 84
58 130
58 158
58 181
58 203
58 205
58 238
58 249
58 292
58 364
58 381
58 384
58 390
58 403
58 416
58 441
58 499
59 72
59 95
59 124
59 127
59 135
59 142
59 144
59 186
59 237
59 244
59 280
59 307
59 336
59 424
59 433
59 443
59 475
59 486
59 492
60 133
60 151
60 198
60 201
60 203
60 215
60 256
60 277
60 287
60 289
60 316
60 350
60 385
60 404
60 429
60 451
60 465
61 70
61 74
61 87
61 102
61 118
61 120
61 147
61 185
61 206
61 221
61 228
61 241
61 242
61 271
61 309
61 317
61 322
61 337
61 338
61 350
61 403
61 404
61 408
61 415
61 451
61 460
61 498
62 64
62 76
62 78
62 113
62 165
62 175
62 179
62 222
62 227
62 230
62 234
62 236
62 266
62 304
62 323
62 344
62 346
62 366
62 406
62 441
63 67
63 87
63 128
63 149
63 213
63 225
63 226
63 228
63 234
63 245
63 250
63 260
63 266
63 269
63 286
63 295
63 296
63 313
63 331
63 396
63 401
63 412
63 437
63 445
63 451
63 476
64 68
64 112
64 121
64 214
64 220
64 248
64 259
64 262
64 283
64 290
64 328
64 340
64 439
64 452
64 462
64 481
64 497
64 498
65 90
65 106
65 122
65 154
65 157
65 158
65 164
65 200
65 205
65 208
65 254
65 257
65 259
65 316
65 333
65 347
65 363
65 372
65 402
65 404
65 405
65 408
65 452
65 478
65 485
65 495
66 82
66 112
66 122
66 128
66 137
66 145
66 159
66 183
66 193
66 210
66 215
66 233
66 274
66 282
66 299
66 309
66 312
66 322
66 327
66 407
66 413
66 416
66 427
66 446
66 459
66 460
66 484
67 76
67 92
67 94
67 111
67 115
67 139
67 140
67 165
67 207
67 210
67 222
67 224
67 228
67 251
67 286
67 302
67 307
67 361
67 362
67 381
67 390
67 396
67 419
67 454
68 77
68 99
68 118
68 127
68 145
68 148
68 171
68 185
68 231
68 251
68 261
68 265
68 267
68 275
68 284
68 308
68 318
68 339
68 350
68 359
68 373
68 382
68 383
68 384
68 407
68 415
68 419
68 422
68 433
68 447
68 485
69 95
69 114
69 121
69 122
69 124
69 126
69 132
69 197
69 252
69 257
69 298
69 305
69 321
69 327
69 339
69 360
69 371
69 386
69 399
69 404
69 406
69 422
69 461
69 472
69 486
69 495
70 79
70 114
70 117
70 129
70 153
70 168
70 194
70 224
70 259
70 288
70 290
70 293
70 307
70 346
70 363
70 383
70 393
70 415
70 426
70 435
70 436
70 443
71 93
71 135
71 138
71 143
71 159
71 182
71 183
71 243
71 249
71 318
71 323
71 330
71 401
71 431
71 445
71 462
71 495
72 114
72 126
72 161
72 208
72 222
72 236
72 321
72 342
72 351
72 374
72 403
72 423
72 430
73 86
73 92
73 93
73 102
73 114
73 125
73 126
73 152
73 172
73 224
73 242
73 253
73 262
73 284
73 302
73 340
73 356
73 381
73 398
73 399
73 401
73 403
73 404
73 434
73 470
73 471
73 480
73 487
74 126
74 133
74 143
74 155
74 192
74 210
74 214
74 231
74 273
74 337
74 341
74 345
74 380
74 430
74 435
74 444
74 455
74 456
74 475
74 484
74 485
75 108
75 138
75 145
75 175
75 193
75 220
75 249
75 309
75 337
75 376
75 385
75 409
75 436
75 479
75 498
76 86
76 108
76 120
76 130
76 165
76 188
76 205
76 210
76 260
76 326
76 335
76 354
76 393
76 399
76 443
76 445
76 458
76 459
76 471
76 476
77 79
77 87
77 123
77 130
77 131
77 155
77 169
77 176
77 199
77 235
77 263
77 264
77 267
77 316
77 324
77 333
77 335
77 367
77 369
77 373
77 375
77 401
77 474
77 476
78 124
78 145
78 167
78 180
78 226
78 230
78 245
78 269
78 292
78 296
78 307
78 334
78 367
78 407
78 410
78 426
78 438
78 469
78 481
78 498
79 80
79 116
79 120
79 137
79 145
79 179
79 194
79 199
79 208
79 233
79 238
79 266
79 294
79 304
79 330
79 333
79 351
79 391
79 402
79 457
79 459
79 470
79 493
80 113
80 114
80 151
80 191
80 200
80 262
80 287
80 390
80 419
80 432
80 447
80 460
80 461
80 472
80 479
80 489
81 112
81 121
81 141
81 143
81 160
81 165
81 199
81 202
81 224
81 301
81 332
81 355
81 356
81 375
81 380
81 415
81 420
81 421
81 422
81 442
81 473
82 111
82 121
82 128
82 191
82 201
82 203
82 205
82 230
82 258
82 299
82 312
82 344
82 351
82 358
82 379
82 417
82 423
82 445
82 447
82 459
83 97
83 99
83 108
83 112
83 126
83 141
83 143
83 165
83 174
83 183
83 198
83 202
83 219
83 225
83 228
83 244
83 245
83 276
83 310
83 326
83 338
83 374
83 450
83 457
83 468
83 479
83 491
84 119
84 124
84 149
84 193
84 194
84 201
84 202
84 204
84 226
84 242
84 289
84 294
84 300
84 312
84 316
84 355
84 370
84 375
84 401
84 429
84 448
84 458
84 468
84 479
85 94
85 104
85 113
85 115
85 116
85 119
85 135
85 144
85 145
85 150
85 165
85 175
85 193
85 208
85 214
85 226
85 227
85 252
85 266
85 276
85 326
85 342
85 353
85 386
85 404
85 424
85 469
86 120
86 152
86 163
86 171
86 224
86 254
86 290
86 295
86 296
86 309
86 316
86 321
86 325
86 345
86 353
86 411
86 424
86 443
86 449
86 453
86 464
87 119
87 127
87 130
87 150
87 168
87 201
87 245
87 262
87 270
87 281
87 286
87 322
87 357
87 406
87 413
87 417
87 425
87 461
87 463
87 484
87 487
88 92
88 97
88 105
88 195
88 218
88 223
88 233
88 254
88 278
88 288
88 301
88 333
88 345
88 373
88 376
88 378
88 398
88 407
88 423
88 430
88 448
88 498
89 157
89 174
89 235
89 237
89 243
89 280
89 294
89 297
89 302
89 307
89 355
89 359
89 367
89 392
89 412
89 417
89 435
90 92
90 113
90 121
90 132
90 174
90 236
90 241
90 275
90 281
90 342
90 354
90 361
90 406
90 413
90 427
90 429
90 440
90 444
90 452
90 490
90 496
91 127
91 220
91 246
91 280
91 289
91 294
91 305
91 363
91 374
91 423
91 427
91 443
91 459
91 486
91 490
92 98
92 112
92 129
92 146
92 180
92 192
92 202
92 217
92 223
92 268
92 278
92 303
92 331
92 341
92 347
92 359
92 369
92 453
92 454
92 469
92 490
93 104
93 124
93 128
93 129
93 169
93 188
93 191
93 300
93 311
93 414
93 422
93 460
93 475
93 487
94 160
94 161
94 170
94 176
94 185
94 248
94 257
94 271
94 275
94 276
94 289
94 298
94 342
94 364
94 372
94 405
94 416
94 421
94 429
94 445
94 451
94 463
94 495
95 111
95 173
95 194
95 200
95 272
95 281
95 292
95 301
95 304
95 329
95 365
95 377
95 392
95 399
95 405
95 423
95 429
95 469
95 493
96 113
96 118
96 151
96 156
96 159
96 162
96 168
96 187
96 230
96 234
96 241
96 258
96 281
96 302
96 346
96 356
96 392
96 419
96 450
96 488
96 489
96 498
97 107
97 111
97 122
97 159
97 178
97 200
97 244
97 255
97 264
97 297
97 306
97 328
97 330
97 342
97 401
97 402
97 477
97 479
97 490
97 494
97 499
98 110
98 131
98 155
98 157
98 163
98 192
98 203
98 220
98 241
98 271
98 280
98 308
98 323
98 324
98 338
98 360
98 378
98 384
98 398
98 417
98 435
98 446
98 476
98 481
99 111
99 115
99 120
99 149
99 167
99 169
99 184
99 195
99 200
99 210
99 224
99 239
99 281
99 283
99 307
99 324
99 327
99 405
99 437
100 102
100 175
100 188
100 198
100 207
100 211
100 235
100 303
100 308
100 312
100 314
100 352
100 356
100 388
100 427
100 488
101 116
101 164
101 167
101 172
101 201
101 226
101 236
101 256
101 257
101 289
101 298
101 303
101 311
101 313
101 321
101 349
101 352
101 384
101 414
101 416
101 425
101 440
101 454
101 459
102 105
102 106
102 110
102 138
102 154
102 163
102 170
102 195
102 220
102 228
102 233
102 246
102 387
102 394
102 405
102 415
102 455
102 478
102 493
103 110
103 118
103 142
103 173
103 182
103 205
103 216
103 224
103 257
103 263
103 271
103 309
103 337
103 397
103 405
103 410
103 445
103 461
103 466
103 476
104 120
104 130
104 136
104 147
104 229
104 250
104 253
104 255
104 281
104 293
104 296
104 325
104 326
104 327
104 339
104 340
104 385
104 391
104 396
104 398
104 424
104 444
104 467
104 481
104 486
105 113
105 118
105 127
105 150
105 167
105 173
105 186
105 215
105 234
105 245
105 285
105 305
105 327
105 337
105 436
105 443
105 445
105 453
105 460
105 495
106 113
106 152
106 174
106 185
106 238
106 247
106 257
106 259
106 263
106 295
106 302
106 309
106 332
106 355
106 380
106 389
106 390
106 391
106 406
106 426
106 442
106 459
106 477
106 480
106 494
107 144
107 165
107 166
107 171
107 195
107 198
107 204
107 215
107 222
107 231
107 249
107 258
107 259
107 263
107 280
107 290
107 375
107 418
107 423
107 430
107 450
107 458
107 486
108 192
108 202
108 246
108 267
108 284
108 293
108 312
108 322
108 358
108 363
108 382
108 436
108 459
108 476
108 481
108 485
109 112
109 137
109 176
109 181
109 198
109 205
109 229
109 276
109 285
109 291
109 298
109 312
109 369
109 386
109 390
109 407
109 417
109 437
109 440
109 469
110 125
110 127
110 129
110 130
110 146
110 149
110 154
110 158
110 172
110 173
110 179
110 214
110 230
110 244
110 288
110 310
110 325
110 342
110 390
110 397
110 416
110 443
110 446
110 466
110 470
111 130
111 155
111 216
111 217
111 218
111 255
111 370
111 417
111 418
111 440
111 457
111 469
111 484
112 116
112 166
112 176
112 194
112 236
112 252
112 258
112 279
112 296
112 309
112 345
112 369
112 421
112 425
112 441
113 165
113 196
113 225
113 246
113 249
113 323
113 325
113 341
113 367
113 372
113 426
113 430
113 435
113 445
113 448
114 116
114 118
114 126
114 128
114 144
114 158
114 159
114 172
114 189
114 252
114 257
114 268
114 271
114 295
114 306
114 348
114 355
114 357
114 376
114 401
114 406
114 419
114 426
114 447
114 471
114 496
115 141
115 149
115 161
115 173
115 251
115 276
115 289
115 308
115 339
115 348
115 351
115 355
115 377
115 378
115 394
115 460
115 463
115 475
115 494
116 123
116 151
116 154
116 183
116 195
116 201
116 209
116 218
116 231
116 298
116 299
116 328
116 335
116 346
116 351
116 372
116 379
116 386
116 389
116 413
116 429
116 481
116 492
117 131
117 146
117 161
117 179
117 191
117 205
117 214
117 334
117 355
117 363
117 401
117 403
117 425
117 431
117 436
117 458
117 463
118 135
118 143
118 163
118 167
118 179
118 207
118 346
118 350
118 358
118 416
118 444
118 453
118 454
118 468
118 487
118 488
119 131
119 151
119 160
119 198
119 216
119 241
119 245
119 252
119 268
119 279
119 303
119 356
119 368
119 369
119 426
119 456
119 463
120 132
120 134
120 136
120 174
120 219
120 251
120 270
120 313
120 344
120 347
120 387
120 413
120 427
120 436
120 440
120 446
120 453
120 455
120 463
120 470
120 497
121 146
121 185
121 196
121 201
121 207
121 216
121 218
121 219
121 222
121 223
121 233
121 248
121 293
121 345
121 365
121 366
121 428
121 430
121 437
121 443
121 456
121 462
121 471
122 140
122 188
122 190
122 196
122 203
122 214
122 220
122 227
122 257
122 286
122 290
122 300
122 316
122 345
122 351
122 374
122 385
122 449
122 450
123 151
123 173
123 199
123 206
123 276
123 300
123 315
123 327
123 335
123 342
123 345
123 393
123 402
123 403
123 415
123 422
123 423
123 428
123 431
123 487
123 499
124 152
124 181
124 198
124 249
124 252
124 253
124 293
124 308
124 310
124 325
124 341
124 367
124 432
124 436
124 467
124 484
125 149
125 161
125 164
125 175
125 177
125 202
125 209
125 211
125 251
125 253
125 279
125 293
125 310
125 336
125 363
125 370
125 390
125 397
125 445
125 456
125 466
125 476
125 487
125 490
126 133
126 137
126 140
126 142
126 151
126 160
126 194
126 228
126 253
126 257
126 258
126 290
126 297
126 306
126 343
126 388
126 406
126 420
126 465
126 478
126 498
126 499
127 131
127 159
127 171
127 227
127 228
127 264
127 267
127 279
127 298
127 310
127 331
127 392
127 418
127 425
127 453
127 470
127 478
128 132
128 154
128 155
128 191
128 197
128 211
128 214
128 300
128 329
128 392
128 405
128 409
128 418
128 472
128 475
129 161
129 187
129 222
129 233
129 243
129 270
129 279
129 298
129 302
129 347
129 359
129 390
129 399
129 485
129 488
130 133
130 162
130 172
130 210
130 281
130 287
130 316
130 320
130 329
130 330
130 335
130 340
130 351
130 362
130 387
130 423
130 441
130 456
131 132
131 143
131 149
131 151
131 157
131 171
131 204
131 220
131 240
131 276
131 338
131 347
131 421
131 438
131 462
131 477
132 150
132 153
132 196
132 206
132 208
132 216
132 235
132 246
132 247
132 272
132 344
132 380
132 381
132 397
132 403
132 412
132 430
132 445
132 451
132 457
132 483
133 187
133 191
133 233
133 249
133 250
133 275
133 290
133 291
133 316
133 318
133 328
133 342
133 348
133 394
133 455
134 138
134 161
134 177
134 190
134 202
134 217
134 222
134 224
134 227
134 230
134 269
134 304
134 341
134 384
134 425
134 433
134 459
134 473
135 141
135 160
135 161
135 192
135 193
135 224
135 227
135 245
135 253
135 255
135 259
135 327
135 328
135 333
135 334
135 360
135 395
135 398
135 418
135 429
135 476
135 486
136 170
136 189
136 192
136 200
136 231
136 250
136 255
136 260
136 269
136 300
136 311
136 337
136 352
136 365
136 366
136 375
136 383
136 397
136 400
136 419
136 434
136 441
136 457
136 466
136 469
136 491
137 145
137 151
137 152
137 171
137 218
137 232
137 284
137 312
137 349
137 362
137 375
137 380
137 389
137 400
137 410
137 426
137 449
137 485
138 141
138 144
138 175
138 184
138 204
138 223
138 225
138 265
138 269
138 304
138 308
138 315
138 332
138 349
138 418
138 468
138 491
138 495
139 157
139 169
139 193
139 227
139 229
139 249
139 250
139 263
139 266
139 280
139 307
139 308
139 357
139 372
139 375
139 384
139 399
139 401
139 410
139 457
140 149
140 168
140 176
140 181
140 184
140 185
140 191
140 227
140 252
140 254
140 294
140 298
140 299
140 304
140 310
140 329
140 333
140 350
140 351
140 382
140 411
140 418
140 443
140 450
140 462
140 483
141 159
141 179
141 191
141 196
141 213
141 264
141 300
141 301
141 360
141 363
141 449
141 454
141 463
141 488
142 208
142 230
142 350
142 368
142 371
142 382
142 392
142 444
142 473
142 477
142 491
142 493
142 496
143 158
143 195
143 234
143 244
143 248
143 272
143 313
143 321
143 329
143 344
143 375
143 383
143 430
143 431
143 470
144 215
144 233
144 254
144 260
144 300
144 315
144 317
144 399
144 413
144 420
144 423
144 424
144 461
144 478
144 486
145 167
145 199
145 204
145 212
145 214
145 233
145 308
145 309
145 323
145 329
145 363
145 381
145 423
145 436
145 437
145 454
145 457
145 475
145 485
146 147
146 178
146 188
146 229
146 258
146 286
146 307
146 326
146 368
146 376
146 398
146 404
146 406
146 421
146 423
146 430
146 443
146 455
147 170
147 224
147 228
147 232
147 270
147 298
147 340
147 351
147 373
147 399
147 470
147 478
147 483
148 149
148 198
148 250
148 252
148 253
148 294
148 331
148 379
148 406
148 411
148 426
148 461
148 466
148 473
149 201
149 206
149 215
149 242
149 243
149 329
149 333
149 349
149 350
149 354
149 364
149 389
149 399
149 428
149 450
149 478
149 479
149 485
150 160
150 267
150 269
150 271
150 296
150 373
150 392
150 410
150 422
150 434
150 481
151 161
151 198
151 259
151 268
151 275
151 335
151 378
151 387
151 425
151 427
151 448
151 478
152 161
152 198
152 272
152 318
152 336
152 339
152 366
152 398
152 400
152 407
152 426
152 456
152 462
153 163
153 174
153 209
153 216
153 219
153 225
153 226
153 233
153 250
153 252
153 264
153 269
153 277
153 283
153 308
153 315
153 348
153 354
153 423
153 438
153 460
153 468
153 490
154 168
154 178
154 196
154 228
154 229
154 246
154 272
154 290
154 292
154 297
154 301
154 308
154 347
154 356
154 384
154 387
154 388
154 391
154 395
154 405
154 423
154 441
155 158
155 174
155 212
155 223
155 228
155 256
155 258
155 279
155 286
155 287
155 323
155 338
155 355
155 356
155 371
155 394
155 404
155 418
155 447
155 457
155 462
155 467
155 491
155 499
156 158
156 160
156 193
156 201
156 205
156 217
156 220
156 243
156 257
156 263
156 264
156 278
156 281
156 296
156 300
156 332
156 347
156 356
156 359
156 371
156 377
156 381
156 385
156 419
156 458
157 170
157 181
157 195
157 209
157 216
157 239
157 260
157 265
157 273
157 292
157 343
157 349
157 384
157 405
157 424
157 427
157 443
157 449
157 474
157 477
157 497
158 169
158 193
158 206
158 238
158 263
158 290
158 307
158 354
158 356
158 358
158 363
158 364
158 400
158 416
158 434
158 438
158 459
158 470
158 473
158 475
159 200
159 229
159 245
159 251
159 287
159 295
159 316
159 324
159 347
159 368
159 383
159 398
159 479
159 491
160 178
160 210
160 254
160 265
160 308
160 328
160 332
160 360
160 363
160 373
160 390
160 416
160 423
160 429
160 454
160 469
161 178
161 180
161 197
161 202
161 238
161 241
161 270
161 304
161 305
161 314
161 318
161 325
161 403
161 424
161 446
161 472
161 492
162 171
162 172
162 182
162 190
162 191
162 200
162 202
162 244
162 307
162 316
162 319
162 385
162 388
162 390
162 404
162 434
162 445
162 451
162 494
163 187
163 217
163 264
163 269
163 289
163 299
163 384
163 389
163 390
163 398
163 426
163 427
163 471
163 485
164 189
164 202
164 204
164 218
164 243
164 254
164 320
164 342
164 353
164 426
164 455
165 228
165 235
165 258
165 277
165 284
165 285
165 290
165 327
165 346
165 373
165 433
165 443
165 445
165 484
165 486
165 494
166 208
166 237
166 250
166 253
166 270
166 275
166 290
166 309
166 311
166 321
166 342
166 410
166 418
166 432
166 433
166 441
166 492
166 494
167 181
167 209
167 213
167 214
167 224
167 240
167 245
167 246
167 266
167 270
167 278
167 345
167 434
167 448
167 457
167 459
167 464
167 470
167 499
168 170
168 210
168 223
168 230
168 262
168 265
168 273
168 307
168 308
168 328
168 347
168 352
168 356
168 358
168 364
168 396
168 416
168 422
168 430
168 447
168 450
168 472
168 499
169 175
169 218
169 226
169 237
169 252
169 366
169 371
169 398
169 401
169 405
169 412
169 417
169 419
169 449
169 471
169 481
169 482
169 488
169 491
169 494
170 184
170 205
170 212
170 258
170 284
170 305
170 317
170 325
170 336
170 362
170 366
170 408
170 411
170 420
170 439
170 494
171 181
171 201
171 210
171 217
171 234
171 240
171 249
171 250
171 255
171 281
171 288
171 323
171 362
171 376
171 390
171 407
171 415
171 433
171 484
171 486
172 177
172 183
172 184
172 192
172 194
172 196
172 234
172 310
172 419
172 435
172 449
172 465
172 473
172 492
172 499
173 221
173 238
173 259
173 273
173 298
173 308
173 310
173 331
173 343
173 350
173 376
173 380
173 381
173 382
173 390
173 453
173 454
173 458
173 462
173 486
173 497
174 182
174 190
174 218
174 243
174 251
174 326
174 392
174 402
174 418
174 428
174 455
174 469
174 484
175 182
175 198
175 200
175 237
175 257
175 306
175 372
175 375
175 393
175 397
175 401
175 404
175 411
175 428
175 444
175 461
175 477
176 213
176 231
176 242
176 248
176 402
176 414
176 416
176 448
176 450
176 460
177 180
177 183
177 200
177 203
177 231
177 294
177 296
177 311
177 358
177 359
177 375
177 413
177 416
177 435
178 207
178 248
178 284
178 297
178 300
178 302
178 303
178 340
178 359
178 372
178 403
178 426
178 428
178 435
178 442
178 475
178 477
178 488
178 499
179 208
179 215
179 216
179 222
179 237
179 241
179 263
179 283
179 299
179 310
179 337
179 349
179 427
179 429
179 443
179 445
179 451
180 187
180 188
180 193
180 199
180 232
180 238
180 248
180 254
180 274
180 291
180 299
180 350
180 351
180 383
180 388
180 394
180 400
180 439
180 461
180 474
180 480
181 229
181 239
181 257
181 290
181 293
181 303
181 318
181 328
181 358
181 386
181 397
181 398
181 408
181 409
181 416
181 421
181 428
181 443
181 485
182 192
182 209
182 256
182 265
182 278
182 290
182 310
182 327
182 344
182 393
182 398
182 400
182 402
182 428
182 442
182 451
182 457
182 467
182 469
182 472
182 477
182 485
183 192
183 201
183 205
183 272
183 321
183 323
183 331
183 347
183 386
183 427
183 454
183 485
183 488
183 494
184 187
184 205
184 226
184 234
184 242
184 256
184 269
184 275
184 296
184 306
184 319
184 323
184 335
184 403
184 404
184 430
184 462
184 474
184 494
185 190
185 196
185 220
185 243
185 308
185 316
185 320
185 342
185 362
185 407
185 412
185 432
185 448
185 457
186 212
186 228
186 246
186 267
186 311
186 331
186 402
186 482
186 497
187 190
187 202
187 219
187 266
187 269
187 282
187 291
187 297
187 318
187 320
187 329
187 331
187 352
187 358
187 388
187 416
187 426
187 443
187 447
187 448
187 454
187 481
188 211
188 216
188 228
188 230
188 243
188 249
188 358
188 398
188 402
188 443
188 446
188 454
188 460
188 468
188 495
188 497
189 232
189 233
189 261
189 283
189 291
189 367
189 384
189 423
189 425
189 432
189 442
189 451
189 475
189 479
190 193
190 201
190 223
190 241
190 259
190 276
190 281
190 300
190 301
190 303
190 327
190 331
190 432
190 453
190 458
190 490
191 215
191 217
191 223
191 236
191 253
191 259
191 303
191 306
191 373
191 375
191 406
191 418
191 419
191 465
191 476
191 478
191 486
191 491
192 196
192 204
192 208
192 209
192 227
192 236
192 238
192 240
192 258
192 310
192 317
192 338
192 350
192 374
192 382
192 416
192 430
192 433
192 444
192 467
193 200
193 218
193 243
193 259
193 304
193 323
193 367
193 399
193 401
193 428
193 463
193 479
194 197
194 213
194 218
194 238
194 276
194 278
194 295
194 303
194 310
194 319
194 321
194 336
194 368
194 394
194 428
194 429
194 481
194 484
194 494
194 497
194 499
195 226
195 238
195 240
195 274
195 278
195 291
195 297
195 310
195 344
195 357
195 366
195 370
195 381
195 435
195 437
195 491
196 240
196 271
196 304
196 311
196 367
196 390
196 410
196 416
196 422
196 423
196 426
196 430
196 448
196 458
196 472
196 488
197 208
197 226
197 231
197 235
197 251
197 269
197 282
197 305
197 327
197 331
197 334
197 361
197 373
197 385
197 391
197 423
197 436
197 443
197 456
197 467
197 491
198 225
198 246
198 256
198 277
198 282
198 306
198 323
198 336
198 391
198 394
198 456
198 459
198 460
198 461
198 466
198 483
198 497
199 303
199 307
199 324
199 370
199 389
199 398
199 416
199 459
199 475
199 491
200 218
200 222
200 248
200 263
200 266
200 293
200 296
200 300
200 313
200 315
200 333
200 343
200 354
200 364
200 367
200 376
200 402
200 410
200 461
200 479
201 245
201 333
201 363
201 374
201 377
201 397
201 423
201 432
201 438
201 445
201 455
201 489
201 496
202 258
202 259
202 278
202 294
202 305
202 308
202 309
202 319
202 333
202 349
202 437
202 462
202 465
202 482
202 497
202 498
203 210
203 251
203 282
203 302
203 320
203 344
203 357
203 377
203 395
203 396
203 475
203 479
203 490
204 214
204 228
204 234
204 251
204 262
204 354
205 208
205 269
205 271
205 283
205 290
205 293
205 322
205 330
205 331
205 336
205 344
205 360
205 376
205 411
205 413
205 442
205 456
205 496
206 211
206 288
206 313
206 320
206 329
206 356
206 372
206 418
206 438
206 456
207 222
207 240
207 266
207 276
207 402
207 404
207 411
207 414
207 436
207 446
207 462
207 463
207 470
207 482
207 487
208 221
208 223
208 245
208 249
208 258
208 288
208 314
208 360
208 377
208 394
208 397
208 398
208 416
208 446
208 484
208 487
208 495
209 233
209 286
209 324
209 335
209 337
209 383
209 396
209 492
209 494
210 242
210 245
210 277
210 295
210 331
210 344
210 402
210 406
210 409
210 430
210 470
211 220
211 225
211 259
211 290
211 314
211 336
211 343
211 348
211 350
211 409
211 412
211 474
212 225
212 246
212 290
212 305
212 311
212 328
212 354
212 414
212 445
212 476
213 219
213 233
213 246
213 260
213 265
213 304
213 313
213 393
213 409
213 421
213 424
213 466
213 478
213 492
214 275
214 276
214 305
214 346
214 369
214 373
214 396
214 471
214 487
214 488
215 223
215 260
215 283
215 309
215 337
215 343
215 368
215 379
215 388
215 417
215 484
215 486
215 497
216 251
216 272
216 273
216 275
216 291
216 315
216 320
216 336
216 345
216 353
216 361
216 376
216 383
216 404
216 412
216 437
216 448
216 454
216 457
216 462
216 481
216 482
216 497
217 238
217 267
217 270
217 296
217 327
217 392
217 393
217 427
217 438
217 487
218 221
218 225
218 253
218 272
218 275
218 323
218 338
218 395
218 403
218 404
218 423
218 427
218 498
219 236
219 326
219 327
219 361
219 389
219 416
219 433
219 455
219 468
219 486
220 224
220 229
220 236
220 284
220 305
220 403
220 405
220 440
220 488
221 228
221 246
221 251
221 290
221 322
221 336
221 340
221 379
221 417
221 434
221 445
221 452
221 456
221 472
221 476
222 266
222 283
222 307
222 311
222 342
222 352
222 379
223 286
223 287
223 290
223 304
223 321
223 330
223 341
223 345
223 372
223 380
223 382
223 397
223 439
223 460
223 486
223 492
223 497
224 238
224 263
224 279
224 280
224 314
224 318
224 319
224 413
224 439
224 471
224 474
224 475
224 477
224 489
225 231
225 259
225 262
225 267
225 290
225 316
225 328
225 329
225 356
225 370
225 398
225 412
225 413
225 465
225 488
225 494
226 230
226 232
226 256
226 268
226 309
226 312
226 314
226 323
226 343
226 354
226 370
226 460
226 488
226 499
227 234
227 250
227 293
227 315
227 321
227 327
227 334
227 347
227 366
227 367
227 415
227 429
227 446
227 457
227 468
227 483
227 484
228 253
228 373
228 376
228 398
228 418
228 454
228 458
228 469
228 471
228 477
228 479
228 483
228 493
229 237
229 295
229 309
229 317
229 341
229 353
229 397
229 410
229 414
229 427
229 497
230 332
230 338
230 341
230 376
230 415
230 429
230 438
230 444
230 462
230 495
231 233
231 271
231 320
231 375
231 382
231 439
231 441
231 487
231 489
231 496
232 241
232 246
232 248
232 249
232 283
232 348
232 369
232 374
232 387
232 431
232 446
232 480
233 244
233 251
233 279
233 289
233 295
233 317
233 318
233 319
233 357
233 364
233 424
233 427
233 474
233 475
233 491
234 279
234 294
234 318
234 320
234 328
234 333
234 358
234 367
234 401
234 405
234 421
234 423
234 438
234 488
235 245
235 264
235 267
235 289
235 293
235 304
235 308
235 327
235 353
235 412
235 428
235 454
235 492
236 247
236 249
236 276
236 300
236 323
236 350
236 355
236 385
236 446
236 486
237 254
237 313
237 331
237 332
237 338
237 340
237 353
237 370
237 450
237 455
237 462
237 499
238 247
238 283
238 323
238 328
238 335
238 336
238 353
238 375
238 376
238 389
238 423
238 428
238 440
238 447
238 452
238 478
239 245
239 265
239 274
239 282
239 301
239 319
239 324
239 326
239 344
239 349
239 367
239 420
239 435
239 469
239 496
240 242
240 305
240 316
240 319
240 328
240 337
240 339
240 360
240 365
240 371
240 388
240 389
240 390
240 392
240 413
240 417
240 432
240 443
240 478
241 243
241 250
241 298
241 306
241 313
241 374
241 391
241 393
241 409
241 424
241 449
241 470
241 487
242 269
242 277
242 278
242 282
242 290
242 373
242 400
242 419
242 475
242 477
243 290
243 300
243 327
243 349
243 366
243 401
243 403
243 408
243 437
243 447
243 460
243 485
244 288
244 293
244 306
244 343
244 378
244 405
244 436
244 444
244 451
244 459
244 471
244 473
245 256
245 269
245 311
245 318
245 329
245 386
245 397
245 402
245 409
245 453
246 252
246 255
246 267
246 273
246 307
246 308
246 324
246 341
246 353
246 388
246 389
246 402
246 407
246 413
246 414
246 445
246 454
246 471
247 251
247 266
247 268
247 292
247 307
247 319
247 321
247 323
247 332
247 342
247 364
247 367
247 381
247 389
247 435
247 498
248 282
248 284
248 297
248 335
248 370
248 411
248 420
248 441
248 445
248 458
248 473
248 489
249 261
249 266
249 274
249 281
249 290
249 322
249 323
249 334
249 387
249 391
249 397
249 424
249 496
249 499
250 275
250 284
250 285
250 290
250 295
250 298
250 323
250 365
250 370
250 396
250 404
250 405
250 415
250 437
250 450
250 499
251 275
251 302
251 316
251 328
251 341
251 350
251 358
251 369
251 375
251 390
251 395
251 399
251 455
251 489
251 490
251 491
252 286
252 296
252 307
252 322
252 356
252 385
252 423
252 427
252 428
252 479
252 480
253 254
253 280
253 292
253 300
253 325
253 369
253 380
253 403
253 448
253 453
253 472
253 490
253 493
253 494
254 260
254 272
254 275
254 300
254 365
254 379
254 390
254 459
254 479
255 283
255 302
255 315
255 337
255 345
255 365
255 367
255 394
255 410
255 446
255 462
255 487
256 262
256 300
256 326
256 354
256 365
256 385
256 418
256 450
256 471
257 272
257 276
257 280
257 284
257 296
257 306
257 308
257 335
257 367
257 377
257 399
257 415
257 417
257 442
257 455
257 485
257 487
258 262
258 283
258 300
258 320
258 347
258 376
258 436
258 456
259 269
259 271
259 278
259 297
259 315
259 320
259 375
259 381
259 387
259 407
259 412
259 441
259 442
259 449
260 267
260 268
260 271
260 274
260 276
260 287
260 322
260 343
260 354
260 375
260 440
260 443
260 481
261 284
261 364
261 400
261 416
261 418
261 423
261 426
261 441
261 442
261 468
261 469
261 470
261 476
261 477
261 497
262 264
262 273
262 288
262 292
262 296
262 310
262 321
262 338
262 367
262 382
262 386
262 396
262 418
262 468
262 472
262 474
262 483
262 491
263 296
263 322
263 331
263 348
263 354
263 361
263 381
263 394
263 411
263 448
264 292
264 321
264 326
264 329
264 337
264 371
264 386
264 390
264 405
264 408
264 428
264 482
265 274
265 320
265 344
265 348
265 393
265 435
265 472
266 308
266 338
266 346
266 350
266 373
266 389
266 397
266 413
266 425
266 445
266 478
267 294
267 301
267 315
267 344
267 367
267 433
267 453
267 469
267 494
268 285
268 306
268 357
268 362
268 363
268 395
268 420
268 426
268 429
268 453
268 475
268 477
269 278
269 359
269 369
269 378
269 401
269 411
269 431
269 444
269 452
269 454
269 456
269 471
269 477
269 492
269 495
270 272
270 285
270 292
270 334
270 345
270 364
270 379
270 397
270 416
270 438
270 443
270 457
271 280
271 291
271 310
271 312
271 329
271 336
271 341
271 361
271 369
271 378
271 404
271 426
271 453
271 477
271 481
272 285
272 294
272 301
272 311
272 321
272 335
272 367
272 387
272 402
272 425
273 276
273 320
273 329
273 341
273 349
273 377
273 421
273 435
273 438
273 462
274 283
274 313
274 327
274 329
274 370
274 377
274 392
274 393
274 411
274 413
274 426
274 433
274 449
274 494
275 276
275 279
275 282
275 301
275 323
275 342
275 344
275 392
275 411
275 415
275 417
275 487
275 491
275 494
276 284
276 296
276 320
276 326
276 347
276 365
276 380
276 395
276 421
276 442
276 453
276 491
277 299
277 338
277 344
277 348
277 410
277 428
277 443
277 456
277 474
277 497
278 291
278 314
278 320
278 358
278 373
278 380
278 385
278 392
278 400
278 407
278 419
278 425
278 432
278 451
278 458
278 498
279 286
279 299
279 306
279 315
279 326
279 337
279 340
279 343
279 349
279 381
279 386
279 412
279 436
279 441
279 488
279 492
279 496
280 350
280 360
280 370
280 375
280 383
280 391
280 402
280 406
280 411
280 471
280 495
281 283
281 291
281 292
281 301
281 322
281 334
281 375
281 381
281 396
281 412
281 420
281 456
281 460
281 474
281 481
281 483
281 485
281 486
281 488
281 492
282 292
282 329
282 386
282 415
282 418
282 441
282 442
282 458
282 459
282 462
282 470
282 497
283 316
283 351
283 359
283 371
283 383
283 386
283 391
283 406
283 421
283 436
283 477
283 488
283 490
283 491
283 495
284 312
284 319
284 320
284 322
284 326
284 341
284 362
284 379
284 391
284 413
284 459
284 488
285 332
285 365
285 373
285 378
285 380
285 408
285 420
285 441
285 454
285 490
286 288
286 294
286 333
286 355
286 368
286 371
286 372
286 375
286 379
286 382
286 398
286 411
286 423
286 431
286 432
286 455
286 470
286 491
287 354
287 383
287 441
287 455
288 291
288 298
288 311
288 321
288 325
288 394
288 401
288 437
288 447
288 463
289 309
289 321
289 328
289 391
289 407
289 421
289 435
289 437
289 464
289 477
290 340
290 361
290 428
290 440
291 316
291 334
291 376
291 385
291 480
292 322
292 353
292 359
292 379
292 382
292 398
292 414
292 444
292 471
292 489
292 492
293 311
293 322
293 327
293 381
293 386
293 387
293 410
293 417
293 429
293 461
293 477
294 306
294 321
294 376
294 396
294 400
294 403
294 409
294 436
294 441
294 452
294 481
294 484
295 318
295 342
295 358
295 381
295 405
295 423
295 433
295 450
295 495
296 315
296 364
296 393
296 401
296 421
296 471
296 491
296 498
297 355
297 382
297 390
297 405
297 413
297 452
297 461
297 468
297 469
297 492
298 321
298 397
298 413
298 460
298 467
298 486
298 492
298 495
298 498
299 333
299 368
299 385
299 391
299 418
299 469
299 478
299 480
300 306
300 318
300 336
300 354
300 435
300 465
300 475
300 498
301 311
301 316
301 351
301 358
301 364
301 369
301 376
301 377
301 403
301 429
301 446
301 479
301 483
302 306
302 323
302 325
302 334
302 336
302 352
302 395
302 406
302 413
302 435
302 449
302 451
302 458
302 459
302 465
302 495
303 305
303 312
303 330
303 331
303 358
303 420
303 458
303 478
304 321
304 324
304 376
304 389
304 442
304 450
304 495
305 311
305 316
305 348
305 351
305 370
305 398
305 454
305 461
305 479
306 347
306 364
306 371
306 382
306 385
306 387
306 413
306 428
306 431
306 441
306 453
306 456
306 458
306 461
306 496
307 312
307 316
307 321
307 334
307 361
307 366
307 369
307 397
307 438
307 468
307 492
308 329
308 330
308 353
308 360
308 362
308 380
308 435
308 448
308 471
308 475
308 476
308 477
308 485
308 496
309 320
309 334
309 403
309 444
309 454
309 474
309 495
309 496
310 313
310 330
310 349
310 350
310 385
310 396
310 415
310 416
310 419
310 421
310 442
310 453
310 486
311 333
311 399
311 411
311 445
311 464
311 468
311 488
312 340
312 345
312 349
312 398
312 413
312 426
312 446
312 450
313 343
313 368
313 389
313 453
314 323
314 335
314 347
314 363
314 368
314 395
314 402
315 334
315 337
315 355
315 395
315 418
315 442
315 445
315 458
315 460
315 474
315 483
315 496
316 331
316 352
316 373
316 378
316 387
316 406
316 425
316 483
316 498
316 499
317 323
317 324
317 347
317 364
317 375
317 383
317 420
317 422
317 427
317 440
317 441
317 451
317 493
317 495
318 320
318 327
318 336
318 355
318 414
318 436
318 442
318 454
318 469
318 475
318 480
318 485
318 493
319 328
319 372
319 390
319 393
319 433
319 452
319 456
320 340
320 343
320 349
320 372
320 394
320 400
320 406
320 422
320 430
320 440
320 443
320 448
320 481
320 487
321 327
321 330
321 332
321 395
321 417
321 430
321 436
321 459
321 460
321 485
322 337
322 341
322 367
322 392
322 405
322 415
322 438
323 336
323 355
323 357
323 420
323 435
323 447
324 328
324 332
324 335
324 337
324 339
324 394
324 400
324 449
324 457
324 460
324 463
324 472
325 345
325 358
325 359
325 374
325 465
325 488
326 355
326 356
326 431
326 452
326 481
327 329
327 369
327 387
327 421
327 425
327 427
327 433
327 478
328 345
328 367
328 376
328 402
328 403
328 409
328 441
328 470
328 475
328 483
328 484
329 334
329 347
329 365
329 369
329 385
329 403
329 419
329 452
329 470
330 348
330 349
330 369
330 383
330 403
330 420
330 440
330 477
330 496
331 343
331 421
331 441
331 494
331 496
332 356
332 361
332 363
332 396
332 407
332 417
332 430
332 474
332 484
333 348
333 350
333 374
333 401
333 412
333 416
333 425
333 435
333 449
333 470
333 474
333 478
333 487
334 357
334 364
334 365
334 380
334 384
334 416
334 454
334 470
335 339
335 374
335 410
335 414
335 437
335 459
335 471
335 475
335 483
336 360
336 361
336 365
336 378
336 384
336 425
336 430
336 472
336 479
337 357
337 381
337 387
337 398
337 404
337 406
337 412
337 431
337 435
337 439
337 448
337 454
338 365
338 376
338 397
338 459
338 490
339 383
339 437
339 448
339 460
339 464
339 471
339 478
339 481
340 353
340 372
340 407
340 408
340 413
340 420
340 424
340 425
340 467
340 496
341 358
341 364
341 380
341 387
341 439
342 376
342 380
342 402
342 412
342 430
342 438
342 445
342 447
342 452
342 453
342 461
342 489
342 490
342 491
342 498
343 365
343 378
343 393
343 397
343 405
343 417
343 443
343 481
343 483
343 491
343 493
344 372
344 397
344 450
345 349
345 373
345 375
345 381
345 406
345 423
345 476
345 482
345 499
346 372
346 400
346 424
346 477
347 353
347 360
347 442
347 457
347 471
348 358
348 364
348 376
348 381
348 396
348 415
348 433
348 461
348 496
349 401
349 418
349 422
349 424
349 435
349 488
349 494
350 365
350 379
350 416
350 435
350 452
350 457
351 355
351 389
351 399
351 401
351 403
351 420
351 422
351 431
351 451
352 368
352 393
352 407
352 427
352 447
352 461
352 471
353 393
353 410
353 411
353 427
353 453
353 471
353 482
353 485
354 369
354 388
354 416
354 420
354 443
354 458
354 481
354 494
355 364
355 369
355 382
355 404
355 439
355 453
356 360
356 363
356 371
356 381
356 382
356 472
356 487
357 373
357 376
357 433
357 452
357 483
358 391
359 383
359 423
359 430
359 439
359 451
359 469
359 470
359 471
359 473
359 479
359 498
360 373
360 377
360 388
360 390
360 414
360 477
360 493
361 362
361 391
361 398
361 419
361 426
361 498
362 364
362 396
362 418
362 429
362 439
362 460
362 461
363 421
363 425
363 431
363 459
363 465
363 472
363 476
363 494
364 369
364 378
364 389
364 396
364 398
364 460
364 461
365 390
365 399
365 424
365 435
365 439
365 476
365 487
365 489
365 493
366 379
366 382
366 411
366 418
366 423
366 460
366 480
367 404
367 405
367 426
367 438
367 459
367 461
367 480
368 403
368 437
368 438
368 462
368 467
368 497
369 401
369 404
369 409
369 421
369 441
369 442
369 451
369 475
369 495
370 383
370 413
370 414
370 419
370 427
370 446
370 463
370 478
370 486
371 377
371 382
371 420
371 421
371 461
371 465
371 466
371 476
371 486
372 385
372 403
372 406
372 417
372 439
372 441
372 481
372 485
373 385
373 419
373 442
373 472
373 490
374 460
374 482
374 487
375 393
375 408
375 411
375 417
375 448
375 477
376 392
376 402
376 408
376 411
376 423
376 473
377 379
377 387
377 400
377 425
377 445
377 457
378 405
378 408
378 423
378 436
378 443
378 495
379 387
379 398
379 408
379 426
379 433
379 437
379 490
379 491
379 492
380 399
380 414
380 417
380 441
381 397
381 415
381 421
381 425
381 433
381 437
381 438
381 444
381 478
382 386
382 397
382 433
382 438
382 454
382 479
382 483
382 491
383 393
383 411
383 418
383 421
383 432
383 438
383 440
384 466
384 487
385 425
385 434
385 460
385 465
385 491
385 497
385 499
386 400
386 471
386 475
386 492
386 497
387 403
387 447
387 463
388 395
388 402
388 424
388 429
388 476
389 418
389 437
389 460
389 490
390 401
390 402
390 415
390 432
391 414
391 447
392 399
392 469
392 472
392 489
392 496
393 410
393 451
393 455
393 456
393 463
393 497
394 414
394 419
394 424
394 434
395 400
395 425
395 452
395 461
395 491
395 496
395 499
396 453
396 484
397 411
397 456
397 461
397 463
398 412
398 417
398 425
398 431
398 432
398 461
398 478
399 400
399 438
399 456
400 402
400 470
400 481
400 484
401 430
401 480
401 484
402 430
402 464
402 470
402 484
403 409
403 430
403 460
404 433
404 474
404 481
405 406
405 409
405 422
406 417
406 423
406 427
406 430
406 472
406 479
406 494
407 425
407 428
407 480
408 445
408 469
408 477
408 483
408 487
408 491
409 417
409 473
410 424
410 443
410 454
410 474
410 479
410 484
410 490
411 442
411 444
411 453
411 458
411 467
411 475
411 489
412 416
412 419
412 484
412 485
412 493
412 496
413 416
413 433
413 450
413 451
413 471
413 482
414 421
414 425
414 463
415 417
415 483
415 492
416 463
416 481
416 491
417 450
417 486
417 487
417 492
418 428
418 450
418 452
418 473
418 480
418 482
418 499
419 426
419 433
419 446
419 462
419 490
419 497
420 479
420 482
420 497
421 476
422 424
423 468
424 425
424 462
424 466
424 494
425 456
425 464
425 476
425 479
426 458
426 476
426 479
426 483
426 497
427 452
428 429
428 464
428 490
428 498
429 467
429 470
429 489
429 490
430 480
431 461
431 467
431 469
432 444
432 462
433 459
433 470
433 476
434 458
434 484
435 436
435 440
435 466
435 490
436 456
437 469
438 463
439 460
439 496
440 464
440 481
440 496
441 458
441 479
442 443
442 454
442 458
442 461
442 467
442 484
443 457
443 497
444 493
445 446
445 459
445 487
446 449
446 489
446 490
446 496
447 454
447 465
447 475
447 487
447 492
448 449
448 450
449 451
449 453
451 469
451 472
452 458
452 491
452 492
453 461
453 485
453 497
454 498
455 458
455 488
456 465
456 468
456 490
457 469
457 487
457 499
458 464
458 489
458 490
458 498
459 464
460 479
460 482
461 462
461 473
461 489
461 499
462 484
466 469
466 490
467 482
468 475
469 472
469 474
469 492
469 495
470 488
471 485
471 488
471 492
472 476
472 477
472 494
475 478
476 492
476 495
478 481
479 491
480 483
481 484
482 486
483 484
484 489
485 488
486 497
493 497
494 495
