1000 10086
0 93
0 137
0 279
0 284
0 318
0 359
0 442
0 444
0 552
0 623
0 633
0 791
0 806
0 812
0 821
0 853
0 918
0 926
0 929
0 935
0 983
1 120
1 147
1 194
1 244
1 252
1 316
1 430
1 566
1 682
1 701
1 720
1 870
1 895
1 949
1 986
1 993
2 143
2 147
2 158
2 163
2 221
2 283
2 403
2 433
2 497
2 517
2 527
2 574
2 579
2 606
2 614
2 635
2 650
2 701
2 711
2 837
2 851
2 853
2 881
2 952
2 977
2 997
3 12
3 14
3 26
3 28
3 130
3 251
3 329
3 397
3 414
3 455
3 521
3 547
3 563
3 564
3 600
3 654
3 655
3 710
3 849
3 852
3 885
3 891
3 893
3 949
3 950
3 962
4 37
4 125
4 149
4 174
4 217
4 219
4 370
4 393
4 456
4 486
4 561
4 646
4 703
4 777
4 829
4 945
4 958
4 968
4 988
5 13
5 63
5 168
5 185
5 198
5 290
5 328
5 357
5 392
5 405
5 523
5 529
5 544
5 585
5 756
5 760
5 778
5 885
5 985
6 32
6 47
6 69
6 76
6 82
6 85
6 136
6 162
6 334
6 366
6 371
6 400
6 488
6 666
6 679
6 689
6 705
6 856
6 933
6 948
6 974
7 32
7 39
7 65
7 161
7 173
7 187
7 236
7 270
7 293
7 300
7 485
7 688
7 826
7 855
7 928
8 74
8 171
8 241
8 256
8 324
8 368
8 386
8 397
8 418
8 466
8 468
8 473
8 555
8 597
8 643
8 667
8 694
8 740
8 773
8 790
8 817
8 828
8 854
8 867
9 29
9 164
9 262
9 398
9 405
9 436
9 493
9 546
9 581
9 582
9 604
9 618
9 681
9 807
9 867
9 950
9 954
9 991
9 998
10 106
10 123
10 138
10 225
10 248
10 448
10 464
10 483
10 594
10 611
10 698
10 710
10 747
10 793
10 799
10 817
10 875
10 947
10 989
11 98
11 110
11 125
11 179
11 202
11 223
11 234
11 297
11 310
11 341
11 405
11 652
11 710
11 716
11 724
11 742
11 791
11 810
11 872
11 878
11 979
12 29
12 166
12 187
12 190
12 198
12 254
12 285
12 312
12 345
12 411
12 434
12 499
12 505
12 702
12 703
12 714
12 724
12 782
12 798
12 833
12 860
12 972
13 48
13 159
13 162
13 168
13 199
13 241
13 246
13 281
13 323
13 427
13 434
13 505
13 545
13 637
13 638
13 640
13 649
13 810
13 814
13 849
13 899
13 923
13 945
13 997
14 17
14 42
14 95
14 101
14 104
14 138
14 242
14 324
14 349
14 380
14 397
14 431
14 449
14 476
14 478
14 506
14 587
14 610
14 634
14 739
14 761
14 897
14 900
14 904
14 937
14 958
14 991
15 103
15 116
15 122
15 123
15 180
15 200
15 242
15 299
15 320
15 341
15 364
15 391
15 424
15 529
15 660
15 699
15 808
15 814
15 839
15 849
15 944
16 57
16 69
16 79
16 89
16 110
16 119
16 166
16 172
16 315
16 340
16 348
16 525
16 529
16 747
16 837
16 880
16 972
17 48
17 50
17 135
17 147
17 375
17 377
17 413
17 507
17 526
17 549
17 610
17 629
17 650
17 653
17 685
17 908
17 925
17 949
17 963
17 964
17 968
18 85
18 166
18 174
18 230
18 245
18 255
18 276
18 297
18 302
18 325
18 371
18 505
18 545
18 593
18 615
18 642
18 667
18 677
18 689
18 741
18 746
18 770
18 872
18 887
18 930
19 24
19 46
19 171
19 203
19 219
19 415
19 445
19 488
19 506
19 567
19 665
19 670
19 681
19 763
19 794
19 849
19 864
19 996
20 75
20 130
20 147
20 153
20 174
20 186
20 223
20 256
20 259
20 301
20 307
20 309
20 326
20 327
20 348
20 438
20 444
20 553
20 577
20 622
20 654
20 718
20 758
20 763
20 787
20 794
20 816
20 823
20 922
20 942
20 943
20 988
20 992
21 54
21 166
21 195
21 290
21 295
21 316
21 338
21 345
21 409
21 421
21 527
21 676
21 684
21 759
21 772
21 839
21 872
22 49
22 77
22 78
22 149
22 243
22 254
22 264
22 286
22 374
22 423
22 451
22 610
22 719
22 754
22 795
22 796
22 814
22 822
22 900
22 977
22 980
23 27
23 52
23 67
23 101
23 124
23 187
23 381
23 406
23 486
23 561
23 564
23 617
23 742
23 777
23 782
23 809
23 878
23 973
23 980
24 153
24 158
24 205
24 242
24 254
24 353
24 486
24 520
24 599
24 604
24 673
24 771
24 834
24 912
24 925
24 929
24 937
24 951
24 960
24 974
24 990
25 82
25 229
25 238
25 258
25 268
25 270
25 396
25 430
25 454
25 474
25 480
25 499
25 588
25 652
25 672
25 759
25 775
25 784
25 786
25 799
25 806
25 868
25 899
25 900
25 915
25 964
26 36
26 69
26 115
26 121
26 137
26 232
26 323
26 325
26 420
26 487
26 597
26 611
26 616
26 646
26 654
26 808
26 842
26 864
26 989
27 28
27 47
27 66
27 101
27 112
27 166
27 304
27 347
27 362
27 380
27 442
27 468
27 477
27 574
27 646
27 739
27 801
27 982
28 113
28 153
28 175
28 178
28 207
28 217
28 260
28 352
28 454
28 512
28 608
28 692
28 701
28 717
28 727
28 754
28 775
28 776
28 782
28 823
28 844
28 863
28 871
28 899
28 932
28 933
28 981
28 983
28 994
29 76
29 167
29 240
29 253
29 290
29 353
29 355
29 372
29 411
29 412
29 480
29 593
29 602
29 630
29 645
29 687
29 690
29 802
29 824
29 887
29 944
29 992
30 32
30 199
30 283
30 317
30 338
30 568
30 611
30 670
30 674
30 714
30 795
30 891
30 903
30 923
31 292
31 364
31 443
31 472
31 503
31 551
31 645
31 646
31 647
31 707
31 804
31 846
31 871
31 917
31 942
31 945
31 996
32 59
32 182
32 206
32 208
32 280
32 476
32 522
32 543
32 580
32 588
32 661
32 824
32 837
32 843
32 917
33 46
33 263
33 271
33 284
33 304
33 436
33 441
33 446
33 447
33 556
33 571
33 679
33 742
33 762
33 896
33 906
33 908
33 914
33 934
34 73
34 125
34 138
34 307
34 379
34 411
34 415
34 475
34 482
34 490
34 537
34 566
34 662
34 695
34 698
34 709
34 717
34 750
34 757
34 797
34 829
34 838
34 886
34 935
35 66
35 86
35 143
35 153
35 162
35 165
35 217
35 266
35 475
35 595
35 597
35 673
35 682
35 689
35 713
35 753
35 760
35 900
35 911
36 38
36 47
36 142
36 154
36 235
36 337
36 385
36 491
36 585
36 593
36 608
36 612
36 631
36 642
36 652
36 672
36 685
36 699
36 714
36 742
36 819
36 854
36 887
36 902
36 955
36 967
36 998
37 118
37 156
37 216
37 233
37 301
37 304
37 318
37 321
37 382
37 417
37 492
37 539
37 545
37 565
37 603
37 642
37 731
37 781
37 828
37 876
37 886
37 896
37 898
37 944
37 975
38 94
38 182
38 212
38 223
38 326
38 377
38 478
38 483
38 508
38 513
38 516
38 591
38 593
38 602
38 660
38 670
38 684
38 739
38 787
38 789
38 819
38 851
38 879
38 918
38 920
38 999
39 77
39 169
39 194
39 201
39 216
39 243
39 385
39 414
39 523
39 606
39 647
39 663
39 686
39 740
39 776
39 790
39 837
39 848
39 891
39 946
40 42
40 69
40 71
40 82
40 87
40 137
40 160
40 268
40 283
40 390
40 431
40 470
40 497
40 503
40 522
40 573
40 684
40 738
40 739
40 829
40 898
40 911
40 920
40 936
40 971
40 985
41 49
41 157
41 259
41 264
41 325
41 344
41 356
41 363
41 405
41 453
41 522
41 557
41 574
41 611
41 617
41 632
41 763
41 795
41 816
41 963
41 993
42 77
42 88
42 142
42 199
42 230
42 250
42 288
42 388
42 469
42 482
42 487
42 491
42 517
42 526
42 607
42 637
42 707
42 744
42 754
42 792
42 843
42 914
42 922
43 63
43 113
43 157
43 264
43 312
43 335
43 352
43 387
43 450
43 524
43 640
43 641
43 682
43 844
43 848
43 851
43 994
44 85
44 212
44 214
44 265
44 284
44 330
44 349
44 432
44 475
44 486
44 507
44 603
44 614
44 628
44 653
44 703
44 711
44 807
44 808
44 829
44 832
44 836
44 871
44 973
45 55
45 87
45 100
45 142
45 171
45 271
45 308
45 582
45 591
45 686
45 766
45 819
45 827
45 833
45 837
45 883
45 958
45 994
46 58
46 108
46 164
46 168
46 263
46 265
46 275
46 315
46 363
46 385
46 387
46 583
46 618
46 642
46 664
46 756
46 774
46 844
46 850
46 852
46 963
47 111
47 157
47 172
47 241
47 265
47 268
47 319
47 384
47 397
47 409
47 438
47 478
47 499
47 511
47 567
47 605
47 609
47 622
47 653
47 673
47 687
47 711
47 738
47 739
47 750
47 753
47 868
47 939
48 64
48 82
48 86
48 101
48 134
48 170
48 330
48 363
48 365
48 380
48 436
48 448
48 620
48 692
48 695
48 809
48 821
48 833
48 896
48 926
48 948
48 967
48 994
49 134
49 261
49 272
49 353
49 393
49 452
49 460
49 474
49 490
49 513
49 526
49 638
49 653
49 720
49 800
49 806
49 852
49 853
49 855
49 911
49 954
49 994
50 180
50 245
50 253
50 287
50 315
50 374
50 379
50 549
50 605
50 642
50 681
50 713
50 764
50 790
50 811
50 851
50 856
50 925
50 936
51 113
51 117
51 216
51 355
51 361
51 362
51 428
51 499
51 626
51 747
51 786
51 795
51 796
51 811
51 858
51 862
51 867
51 898
52 92
52 97
52 131
52 175
52 196
52 204
52 232
52 282
52 322
52 378
52 434
52 475
52 613
52 648
52 650
52 675
52 695
52 697
52 775
52 784
52 824
52 993
53 61
53 115
53 203
53 257
53 271
53 327
53 333
53 396
53 431
53 452
53 590
53 612
53 655
53 683
53 692
53 793
53 810
53 901
53 981
54 111
54 115
54 166
54 174
54 204
54 268
54 358
54 371
54 405
54 410
54 473
54 546
54 549
54 552
54 594
54 627
54 774
54 870
54 893
54 897
54 922
54 933
54 934
54 939
54 953
55 297
55 304
55 322
55 467
55 476
55 485
55 521
55 652
55 697
55 699
55 729
55 847
55 877
55 902
55 993
56 74
56 183
56 308
56 318
56 320
56 351
56 419
56 666
56 976
56 999
57 124
57 139
57 148
57 180
57 182
57 204
57 207
57 295
57 330
57 355
57 366
57 401
57 488
57 516
57 562
57 587
57 602
57 644
57 677
57 695
57 731
57 748
57 848
57 851
57 982
58 79
58 133
58 172
58 190
58 200
58 223
58 369
58 374
58 376
58 386
58 392
58 437
58 492
58 535
58 541
58 612
58 689
58 706
58 752
58 766
58 904
58 936
58 975
59 85
59 407
59 467
59 478
59 483
59 484
59 530
59 532
59 602
59 674
59 687
59 729
59 899
59 906
59 908
59 969
60 85
60 226
60 291
60 293
60 310
60 352
60 359
60 432
60 495
60 548
60 557
60 612
60 620
60 631
60 701
60 741
60 769
60 828
60 841
60 846
61 247
61 272
61 283
61 355
61 366
61 406
61 414
61 431
61 533
61 564
61 569
61 607
61 706
61 707
61 771
61 811
61 894
61 994
62 97
62 114
62 124
62 127
62 142
62 196
62 216
62 296
62 303
62 376
62 422
62 480
62 485
62 499
62 526
62 540
62 651
62 688
62 697
62 735
62 763
62 769
62 791
62 798
62 901
62 948
62 953
63 93
63 182
63 205
63 255
63 256
63 294
63 317
63 447
63 479
63 493
63 615
63 674
63 723
63 792
63 850
63 869
63 971
63 991
63 998
64 143
64 153
64 160
64 172
64 212
64 221
64 243
64 337
64 382
64 386
64 415
64 455
64 497
64 505
64 526
64 567
64 601
64 683
64 747
64 786
64 798
64 826
64 918
64 972
65 66
65 79
65 147
65 160
65 203
65 211
65 245
65 262
65 274
65 335
65 431
65 459
65 502
65 635
65 657
65 711
65 740
65 748
65 905
65 926
65 990
66 71
66 78
66 91
66 143
66 157
66 169
66 197
66 245
66 282
66 380
66 436
66 481
66 512
66 687
66 772
66 791
66 805
66 889
66 890
66 939
67 104
67 106
67 155
67 174
67 192
67 195
67 226
67 306
67 347
67 362
67 383
67 386
67 561
67 567
67 622
67 634
67 663
67 713
67 750
67 810
67 818
67 879
67 887
67 973
68 127
68 182
68 241
68 283
68 288
68 330
68 340
68 428
68 446
68 715
68 730
68 753
68 779
68 848
68 903
69 101
69 137
69 292
69 306
69 333
69 488
69 653
69 682
69 705
69 759
69 772
69 784
69 902
69 919
69 928
69 938
69 980
70 80
70 104
70 117
70 166
70 210
70 296
70 386
70 453
70 486
70 503
70 583
70 696
70 787
70 833
70 853
70 948
70 964
70 993
71 253
71 300
71 383
71 386
71 455
71 460
71 553
71 565
71 594
71 699
71 769
71 818
71 830
71 925
71 960
72 134
72 226
72 264
72 274
72 307
72 310
72 336
72 337
72 392
72 400
72 557
72 577
72 597
72 605
72 616
72 681
72 705
72 773
72 803
72 906
72 958
73 81
73 99
73 150
73 163
73 194
73 201
73 218
73 239
73 289
73 345
73 359
73 473
73 503
73 509
73 537
73 550
73 617
73 634
73 635
73 724
73 793
73 844
73 856
73 882
73 955
73 992
74 99
74 205
74 241
74 259
74 394
74 410
74 609
74 657
74 841
74 878
74 896
74 908
74 986
75 105
75 128
75 160
75 181
75 231
75 268
75 297
75 301
75 401
75 460
75 482
75 588
75 625
75 634
75 649
75 737
75 742
75 797
75 952
75 958
76 86
76 307
76 322
76 410
76 486
76 547
76 627
76 895
76 942
77 176
77 202
77 262
77 307
77 336
77 390
77 406
77 480
77 644
77 649
77 690
77 720
77 831
78 259
78 334
78 359
78 362
78 413
78 424
78 430
78 597
78 640
78 712
78 757
78 773
78 801
78 900
78 951
78 962
78 981
79 86
79 109
79 163
79 278
79 294
79 297
79 349
79 385
79 394
79 457
79 515
79 615
79 669
79 813
79 817
79 948
79 952
79 963
79 967
80 107
80 258
80 276
80 279
80 322
80 371
80 449
80 460
80 497
80 511
80 605
80 638
80 676
80 783
80 786
80 792
80 801
80 803
80 885
80 898
80 938
80 956
81 87
81 122
81 128
81 196
81 328
81 337
81 385
81 395
81 457
81 508
81 602
81 614
81 714
81 731
81 769
81 779
81 816
81 881
81 902
81 913
81 928
81 929
82 96
82 101
82 124
82 150
82 203
82 232
82 252
82 306
82 338
82 355
82 417
82 437
82 496
82 665
82 723
82 736
82 832
82 851
83 120
83 146
83 197
83 217
83 228
83 233
83 351
83 355
83 373
83 429
83 467
83 532
83 593
83 608
83 613
83 672
83 767
83 878
83 937
83 954
84 135
84 137
84 161
84 184
84 369
84 437
84 440
84 458
84 481
84 502
84 531
84 537
84 579
84 599
84 607
84 625
84 710
84 763
84 825
84 888
84 906
84 932
85 118
85 133
85 198
85 229
85 284
85 304
85 388
85 408
85 459
85 493
85 552
85 652
85 695
85 758
85 837
85 910
85 917
86 142
86 214
86 361
86 375
86 459
86 462
86 508
86 533
86 589
86 608
86 667
86 688
86 700
86 737
86 742
86 837
86 838
86 925
86 948
86 997
87 106
87 153
87 254
87 262
87 432
87 441
87 447
87 580
87 620
87 686
87 693
87 749
87 752
87 754
87 776
87 799
87 967
88 253
88 267
88 311
88 316
88 332
88 348
88 352
88 395
88 400
88 425
88 741
88 780
88 824
88 857
89 250
89 264
89 470
89 527
89 596
89 631
89 801
89 834
89 870
89 964
90 320
90 351
90 409
90 442
90 458
90 467
90 469
90 484
90 504
90 521
90 585
90 613
90 659
90 685
90 731
90 759
90 855
90 866
90 896
90 899
90 929
90 939
90 940
90 952
90 965
90 977
91 108
91 159
91 178
91 215
91 268
91 334
91 366
91 384
91 425
91 479
91 500
91 521
91 524
91 579
91 598
91 668
91 682
91 735
91 736
91 792
91 838
91 856
91 875
91 898
92 167
92 169
92 248
92 262
92 284
92 299
92 424
92 436
92 485
92 535
92 604
92 621
92 622
92 625
92 844
93 124
93 229
93 278
93 327
93 350
93 412
93 460
93 488
93 535
93 581
93 604
93 688
93 786
93 806
93 832
93 836
93 837
93 864
93 925
93 997
94 110
94 143
94 191
94 251
94 276
94 607
94 611
94 739
94 753
94 758
94 795
94 798
94 874
94 912
95 98
95 149
95 166
95 177
95 185
95 234
95 242
95 269
95 385
95 455
95 530
95 572
95 578
95 616
95 679
95 864
95 881
95 925
95 955
96 188
96 256
96 278
96 309
96 319
96 341
96 435
96 452
96 476
96 517
96 534
96 536
96 603
96 614
96 689
96 742
96 770
96 798
96 819
96 882
96 922
96 952
96 977
96 983
97 143
97 153
97 159
97 177
97 268
97 349
97 496
97 593
97 596
97 648
97 665
97 681
97 690
97 719
97 729
97 751
97 935
98 112
98 138
98 165
98 242
98 364
98 459
98 550
98 738
98 782
98 849
98 852
98 924
98 953
98 963
98 978
99 135
99 137
99 139
99 148
99 172
99 199
99 212
99 379
99 398
99 436
99 443
99 456
99 506
99 512
99 558
99 651
99 673
99 687
99 799
99 819
99 824
99 885
99 893
99 922
100 158
100 209
100 227
100 252
100 315
100 488
100 511
100 519
100 528
100 530
100 539
100 806
100 811
100 865
100 871
100 873
100 948
101 126
101 189
101 248
101 249
101 254
101 295
101 344
101 443
101 532
101 540
101 571
101 637
101 657
101 727
101 735
101 739
101 767
101 772
101 847
101 858
101 878
101 884
102 122
102 135
102 175
102 398
102 413
102 425
102 435
102 529
102 542
102 586
102 622
102 645
102 646
102 651
102 666
102 678
102 716
102 731
102 806
102 875
102 970
102 979
102 980
103 240
103 250
103 304
103 353
103 380
103 472
103 548
103 575
103 602
103 788
103 789
103 813
103 820
103 902
103 933
103 951
104 197
104 307
104 349
104 358
104 380
104 390
104 584
104 666
104 748
104 828
104 932
104 978
104 980
105 214
105 224
105 296
105 312
105 362
105 379
105 470
105 633
105 717
105 737
105 789
105 868
105 946
105 949
105 972
106 126
106 137
106 204
106 291
106 343
106 390
106 416
106 456
106 517
106 538
106 553
106 563
106 564
106 597
106 656
106 657
106 682
106 748
106 790
106 877
107 155
107 243
107 288
107 317
107 349
107 432
107 445
107 451
107 484
107 533
107 543
107 549
107 623
107 634
107 678
107 734
107 736
107 794
107 812
107 863
107 914
107 918
107 953
107 962
108 154
108 212
108 225
108 259
108 277
108 278
108 306
108 309
108 322
108 418
108 420
108 482
108 503
108 532
108 548
108 568
108 575
108 640
108 654
108 667
108 690
108 745
108 792
108 899
108 906
109 138
109 338
109 366
109 411
109 433
109 447
109 491
109 595
109 693
109 761
109 822
109 850
109 864
109 885
109 921
109 932
109 942
110 165
110 190
110 273
110 281
110 317
110 339
110 351
110 403
110 406
110 479
110 610
110 637
110 651
110 686
110 711
110 717
110 723
110 733
110 763
110 973
110 983
110 986
110 997
111 122
111 299
111 307
111 327
111 380
111 394
111 428
111 450
111 451
111 468
111 525
111 716
111 754
111 782
111 861
111 881
111 973
112 114
112 180
112 196
112 305
112 317
112 319
112 380
112 390
112 468
112 478
112 547
112 576
112 705
112 745
112 795
112 872
112 902
112 923
112 935
112 972
113 133
113 152
113 202
113 265
113 297
113 418
113 464
113 510
113 518
113 519
113 574
113 632
113 714
114 146
114 156
114 191
114 248
114 285
114 306
114 357
114 373
114 391
114 468
114 474
114 502
114 654
114 790
114 842
114 857
114 927
115 146
115 351
115 876
115 901
115 965
116 166
116 293
116 294
116 305
116 350
116 371
116 396
116 417
116 487
116 496
116 534
116 571
116 718
116 758
116 768
116 849
116 864
116 880
116 896
117 133
117 140
117 168
117 252
117 258
117 268
117 359
117 380
117 436
117 483
117 487
117 512
117 540
117 574
117 635
117 710
117 725
117 766
117 880
117 937
117 959
117 965
118 148
118 251
118 276
118 304
118 323
118 557
118 828
118 878
118 887
118 996
119 125
119 175
119 316
119 375
119 424
119 452
119 468
119 477
119 506
119 615
119 655
119 834
119 949
119 952
120 195
120 259
120 344
120 366
120 412
120 416
120 417
120 489
120 496
120 648
120 703
120 721
120 748
120 781
120 804
120 816
120 831
120 864
120 878
120 945
121 152
121 170
121 179
121 311
121 344
121 395
121 433
121 620
121 814
121 864
121 891
121 928
121 944
121 964
121 967
121 998
122 169
122 178
122 217
122 366
122 511
122 654
122 670
122 691
122 711
122 714
122 731
122 754
122 800
122 905
122 914
122 969
123 131
123 137
123 249
123 263
123 281
123 348
123 351
123 355
123 526
123 528
123 626
123 661
123 797
123 803
123 827
123 859
123 880
123 881
123 958
124 233
124 275
124 313
124 371
124 534
124 783
124 905
124 956
124 958
124 992
124 994
125 138
125 151
125 341
125 363
125 381
125 409
125 415
125 501
125 522
125 552
125 567
125 622
125 636
125 664
125 716
125 785
125 791
125 835
125 870
125 900
125 994
126 159
126 201
126 239
126 284
126 397
126 444
126 461
126 572
126 625
126 700
126 798
126 863
126 880
127 314
127 533
127 772
127 893
128 130
128 202
128 218
128 261
128 326
128 359
128 360
128 399
128 411
128 452
128 463
128 470
128 601
128 626
128 638
128 640
128 698
128 824
128 828
128 892
128 992
129 187
129 223
129 241
129 430
129 555
129 565
129 630
129 697
129 758
129 774
129 835
129 897
129 902
129 941
130 171
130 267
130 288
130 329
130 528
130 595
130 649
130 780
130 806
130 826
130 833
130 854
130 939
130 969
131 196
131 252
131 290
131 291
131 330
131 417
131 451
131 491
131 505
131 514
131 526
131 594
131 706
131 780
131 785
131 803
131 866
131 947
131 976
132 164
132 286
132 374
132 377
132 400
132 575
132 620
132 713
132 726
132 814
132 974
133 252
133 283
133 293
133 346
133 527
133 618
133 627
133 688
133 706
133 720
133 745
133 856
133 933
133 978
134 155
134 208
134 233
134 278
134 321
134 353
134 354
134 387
134 413
134 460
134 496
134 558
134 572
134 637
134 651
134 657
134 731
134 813
134 816
134 821
134 956
134 997
135 157
135 228
135 275
135 290
135 295
135 308
135 463
135 491
135 514
135 520
135 525
135 620
135 660
135 706
135 796
135 822
135 940
135 982
135 996
136 157
136 174
136 227
136 326
136 357
136 384
136 478
136 620
136 685
136 708
136 762
136 813
136 848
136 913
136 936
136 951
137 211
137 224
137 261
137 313
137 341
137 390
137 429
137 492
137 633
137 637
137 648
137 676
137 739
137 746
137 747
137 839
137 853
137 857
137 899
137 916
137 971
138 180
138 285
138 366
138 369
138 372
138 393
138 440
138 460
138 576
138 590
138 746
138 794
138 934
139 181
139 222
139 257
139 269
139 293
139 322
139 343
139 386
139 423
139 568
139 604
139 736
139 746
139 771
139 963
139 974
140 155
140 184
140 205
140 259
140 290
140 298
140 303
140 304
140 309
140 361
140 362
140 365
140 377
140 449
140 550
140 595
140 627
140 647
140 658
140 694
140 721
140 818
140 819
140 900
140 947
140 987
141 144
141 288
141 365
141 396
141 445
141 471
141 519
141 571
141 575
141 675
141 692
141 723
141 760
141 772
141 901
141 946
141 972
142 146
142 203
142 212
142 240
142 278
142 319
142 324
142 384
142 461
142 525
142 536
142 585
142 596
142 741
142 773
142 940
143 159
143 189
143 267
143 292
143 306
143 417
143 432
143 475
143 489
143 523
143 579
143 622
143 639
143 743
143 760
143 822
143 877
143 901
143 942
143 966
143 968
144 229
144 262
144 319
144 329
144 356
144 369
144 424
144 438
144 478
144 503
144 545
144 581
144 612
144 616
144 626
144 719
144 741
144 742
144 797
144 859
144 872
144 888
144 957
144 961
144 975
144 977
144 978
145 219
145 306
145 360
145 376
145 458
145 522
145 546
145 680
145 706
145 766
145 808
145 816
145 853
145 885
146 224
146 232
146 246
146 263
146 300
146 322
146 345
146 350
146 393
146 414
146 441
146 546
146 568
146 581
146 724
146 729
146 739
146 790
146 841
146 861
146 970
146 982
147 186
147 229
147 290
147 373
147 395
147 420
147 464
147 516
147 536
147 581
147 583
147 626
147 653
147 659
147 673
147 676
147 690
147 722
147 922
147 960
147 969
148 157
148 158
148 175
148 205
148 283
148 315
148 410
148 419
148 422
148 490
148 519
148 611
148 613
148 625
148 667
148 674
148 703
148 720
148 752
148 795
148 893
148 928
148 996
149 152
149 163
149 218
149 232
149 335
149 376
149 407
149 441
149 497
149 532
149 664
149 668
149 675
149 706
149 825
149 827
149 871
149 885
149 899
149 904
149 922
149 926
149 936
149 972
150 268
150 281
150 306
150 308
150 335
150 347
150 359
150 364
150 374
150 448
150 449
150 456
150 516
150 542
150 645
150 695
150 729
150 800
150 821
150 871
150 900
150 930
150 953
150 966
151 324
151 337
151 354
151 387
151 419
151 442
151 528
151 553
151 574
151 607
151 608
151 609
151 644
151 647
151 757
151 767
151 781
151 837
151 839
151 871
152 254
152 435
152 440
152 472
152 482
152 522
152 557
152 567
152 613
152 669
152 687
152 688
152 721
152 726
152 755
152 759
152 783
152 885
153 376
153 377
153 448
153 461
153 750
153 795
153 842
154 237
154 279
154 293
154 356
154 375
154 468
154 491
154 508
154 575
154 592
154 720
154 810
154 843
154 892
154 926
154 976
154 984
155 228
155 262
155 300
155 343
155 352
155 362
155 368
155 407
155 426
155 489
155 618
155 706
155 721
155 802
155 855
155 909
155 939
155 972
155 986
156 174
156 272
156 480
156 588
156 722
156 777
156 818
156 849
156 872
156 903
156 994
157 210
157 369
157 422
157 504
157 577
157 581
157 594
157 608
157 732
157 761
157 810
157 840
157 867
157 950
158 197
158 240
158 275
158 290
158 302
158 370
158 384
158 434
158 639
158 785
158 890
158 898
158 956
159 218
159 273
159 290
159 293
159 313
159 330
159 367
159 398
159 412
159 440
159 452
159 461
159 598
159 624
159 692
159 732
159 785
159 812
159 834
159 895
159 899
159 912
159 913
159 934
160 178
160 214
160 272
160 283
160 353
160 434
160 512
160 590
160 624
160 625
160 626
160 669
160 707
160 711
160 714
160 751
160 765
160 822
160 831
160 934
160 986
161 179
161 248
161 347
161 375
161 419
161 434
161 607
161 808
161 829
161 945
161 962
162 191
162 233
162 276
162 341
162 386
162 407
162 449
162 495
162 513
162 519
162 621
162 673
162 700
162 782
162 797
162 807
162 846
162 875
162 879
162 880
162 954
162 966
163 175
163 195
163 347
163 425
163 566
163 636
163 655
163 748
163 757
163 802
163 877
163 905
163 910
163 973
164 181
164 183
164 187
164 190
164 209
164 337
164 373
164 379
164 400
164 413
164 484
164 485
164 602
164 644
164 661
164 698
164 751
164 765
164 850
164 919
164 956
164 978
165 193
165 318
165 335
165 379
165 472
165 479
165 508
165 587
165 672
165 689
165 804
165 916
166 190
166 194
166 202
166 256
166 285
166 340
166 393
166 432
166 481
166 533
166 632
166 642
166 646
166 750
166 852
166 861
166 931
167 187
167 218
167 284
167 445
167 523
167 551
167 670
167 721
167 780
167 839
167 931
167 940
168 177
168 237
168 255
168 324
168 379
168 395
168 410
168 423
168 433
168 451
168 514
168 590
168 605
168 606
168 657
168 688
168 715
168 779
168 849
168 865
168 882
168 984
169 303
169 336
169 365
169 533
169 560
169 624
169 711
169 718
169 763
169 792
169 808
169 877
169 896
169 947
169 988
169 990
170 237
170 259
170 322
170 358
170 386
170 414
170 530
170 616
170 708
170 824
170 843
170 873
170 901
170 923
170 966
171 318
171 345
171 350
171 381
171 416
171 441
171 498
171 566
171 576
171 655
171 682
171 701
171 736
171 813
171 933
171 940
171 959
172 260
172 300
172 330
172 347
172 357
172 420
172 428
172 592
172 631
172 682
172 831
172 837
172 860
172 876
172 883
172 893
172 918
172 992
173 201
173 269
173 312
173 320
173 321
173 361
173 368
173 420
173 428
173 586
173 705
173 768
173 937
173 973
174 181
174 202
174 320
174 335
174 350
174 356
174 426
174 428
174 455
174 499
174 575
174 615
174 722
174 733
174 761
174 846
174 876
174 968
174 978
175 265
175 346
175 415
175 433
175 450
175 519
175 521
175 663
175 701
175 798
175 822
176 263
176 350
176 351
176 425
176 509
176 600
176 631
176 693
176 852
176 873
176 898
176 921
176 946
176 986
177 254
177 278
177 280
177 372
177 373
177 391
177 470
177 551
177 602
177 626
177 662
177 737
177 801
177 853
177 895
177 927
177 931
177 947
177 977
178 179
178 211
178 224
178 272
178 318
178 324
178 340
178 341
178 355
178 479
178 496
178 515
178 621
178 636
178 770
178 784
178 946
178 983
178 986
179 202
179 294
179 431
179 455
179 479
179 611
179 631
179 767
179 800
179 809
179 857
179 890
179 910
179 946
179 987
180 233
180 259
180 336
180 416
180 452
180 630
180 699
180 702
180 771
180 814
180 825
180 883
180 977
180 978
181 264
181 274
181 304
181 352
181 365
181 386
181 437
181 569
181 633
181 660
181 665
181 679
181 713
181 733
181 739
181 785
181 810
181 824
181 830
181 917
181 947
182 278
182 316
182 446
182 462
182 482
182 576
182 607
182 692
182 776
182 820
182 837
182 842
182 898
182 909
183 188
183 291
183 356
183 373
183 396
183 444
183 462
183 497
183 640
183 652
183 709
183 872
183 880
183 896
183 927
183 980
183 992
184 194
184 233
184 282
184 389
184 506
184 574
184 739
184 757
184 819
184 920
184 937
184 988
185 196
185 294
185 328
185 356
185 410
185 420
185 483
185 495
185 563
185 586
185 647
185 674
185 683
185 690
185 853
185 884
185 960
185 967
185 971
186 187
186 237
186 267
186 300
186 334
186 386
186 745
186 819
186 918
186 974
187 210
187 223
187 252
187 287
187 361
187 454
187 659
187 686
187 701
187 788
187 790
187 821
187 874
187 896
187 901
187 952
188 243
188 259
188 280
188 282
188 289
188 302
188 375
188 378
188 404
188 431
188 454
188 465
188 470
188 481
188 531
188 533
188 580
188 584
188 614
188 622
188 629
188 741
188 805
188 821
188 895
188 929
188 953
188 955
189 207
189 349
189 436
189 440
189 524
189 670
189 672
189 761
189 833
189 863
189 878
189 904
189 994
190 414
190 536
190 556
190 560
190 589
190 611
190 621
190 660
190 719
190 726
190 796
190 881
190 990
191 200
191 280
191 378
191 447
191 578
191 638
191 692
191 698
191 704
191 757
191 783
191 814
191 836
191 852
191 870
191 887
192 219
192 236
192 248
192 306
192 513
192 564
192 594
192 721
192 737
192 738
192 769
192 783
192 868
192 963
192 968
193 240
193 262
193 371
193 579
193 621
193 671
193 782
193 833
193 837
193 920
193 942
193 970
193 982
194 195
194 205
194 268
194 342
194 366
194 439
194 460
194 554
194 603
194 631
194 650
194 725
194 896
194 901
194 915
194 928
194 989
195 240
195 259
195 419
195 460
195 462
195 486
195 517
195 598
195 624
195 631
195 759
195 802
195 890
195 901
195 907
195 956
195 961
196 282
196 290
196 333
196 334
196 391
196 418
196 463
196 509
196 588
196 647
196 662
196 665
196 791
196 958
197 237
197 269
197 281
197 284
197 317
197 324
197 331
197 384
197 462
197 491
197 520
197 534
197 626
197 650
197 654
197 731
197 742
197 786
197 876
197 890
197 908
197 929
198 212
198 249
198 296
198 319
198 378
198 388
198 418
198 438
198 524
198 557
198 567
198 604
198 667
198 678
198 700
198 804
198 942
199 219
199 227
199 263
199 334
199 340
199 375
199 520
199 575
199 757
199 770
199 803
199 866
199 928
199 931
199 964
200 293
200 295
200 333
200 339
200 406
200 421
200 442
200 468
200 633
200 667
200 754
200 787
200 816
200 831
200 861
200 914
200 974
201 236
201 243
201 245
201 322
201 432
201 437
201 499
201 547
201 567
201 684
201 785
201 834
201 858
201 986
202 208
202 249
202 320
202 393
202 423
202 438
202 613
202 626
202 741
202 798
202 893
202 896
202 934
202 943
202 953
203 386
203 388
203 465
203 511
203 529
203 560
203 678
203 704
203 717
203 801
203 836
203 876
203 952
203 953
203 984
204 366
204 382
204 408
204 410
204 511
204 536
204 706
204 729
204 934
204 955
204 965
205 262
205 282
205 432
205 490
205 541
205 543
205 559
205 590
205 637
205 650
205 718
205 787
205 795
205 804
205 861
205 867
205 962
205 976
206 279
206 297
206 386
206 413
206 462
206 622
206 773
206 780
206 866
207 349
207 368
207 425
207 465
207 475
207 500
207 566
207 596
207 673
207 697
207 717
207 780
207 895
207 911
207 956
207 959
207 974
208 421
208 574
208 614
208 643
208 656
208 833
208 852
208 880
208 889
208 908
208 924
208 944
209 225
209 231
209 270
209 291
209 304
209 394
209 406
209 452
209 483
209 491
209 698
209 866
209 875
209 927
209 953
209 966
209 996
210 225
210 226
210 233
210 237
210 241
210 310
210 329
210 380
210 399
210 424
210 443
210 484
210 504
210 531
210 790
210 899
210 935
210 949
210 957
210 971
211 237
211 291
211 334
211 440
211 460
211 507
211 523
211 538
211 701
211 737
211 738
211 768
211 802
211 864
211 938
211 969
211 976
211 981
212 379
212 421
212 432
212 502
212 627
212 633
212 661
212 714
212 740
212 768
212 807
212 831
212 916
212 981
212 985
213 259
213 326
213 369
213 410
213 450
213 482
213 507
213 575
213 673
213 675
213 735
213 760
213 779
213 836
213 850
213 852
213 883
213 896
213 942
214 247
214 291
214 346
214 392
214 415
214 421
214 504
214 537
214 601
214 614
214 661
214 677
214 711
214 715
214 741
214 777
214 866
214 901
214 928
214 957
214 964
214 977
214 994
215 222
215 238
215 253
215 271
215 273
215 322
215 337
215 350
215 360
215 418
215 457
215 458
215 730
215 731
215 854
215 862
215 921
215 922
215 949
216 239
216 361
216 374
216 383
216 482
216 506
216 510
216 520
216 521
216 540
216 554
216 704
216 861
216 932
216 971
217 355
217 365
217 377
217 511
217 557
217 578
217 711
217 853
217 967
217 986
218 316
218 351
218 363
218 366
218 478
218 508
218 532
218 780
218 796
218 809
218 812
218 881
219 342
219 365
219 383
219 607
219 776
219 788
219 802
220 256
220 315
220 319
220 371
220 463
220 532
220 577
220 595
220 629
220 656
220 693
220 729
220 797
220 930
221 232
221 261
221 282
221 306
221 331
221 335
221 337
221 359
221 405
221 566
221 628
221 636
221 662
221 723
221 800
221 898
221 900
221 911
222 389
222 402
222 483
222 620
222 623
222 714
222 773
222 882
222 888
222 902
223 225
223 232
223 239
223 274
223 349
223 354
223 374
223 436
223 570
223 601
223 636
223 653
223 759
223 787
223 836
223 900
223 915
223 920
224 310
224 312
224 378
224 385
224 462
224 489
224 564
224 667
224 676
224 695
224 790
224 801
224 809
224 845
224 857
224 858
224 946
224 993
225 258
225 303
225 343
225 348
225 403
225 406
225 597
225 620
225 651
225 758
225 863
225 906
225 914
225 968
225 982
226 302
226 349
226 355
226 381
226 401
226 423
226 456
226 518
226 597
226 609
226 619
226 677
226 785
226 867
226 967
227 247
227 266
227 355
227 377
227 398
227 472
227 485
227 517
227 546
227 568
227 606
227 654
227 732
227 776
227 837
227 847
227 855
227 859
227 963
227 978
227 980
228 306
228 389
228 490
228 566
228 626
228 636
228 723
228 852
228 937
228 952
228 958
228 962
229 363
229 490
229 536
229 684
229 714
229 775
229 809
229 835
229 846
229 854
229 953
230 258
230 358
230 385
230 508
230 570
230 657
230 662
230 732
230 797
230 934
230 989
231 267
231 298
231 456
231 487
231 600
231 628
231 637
231 655
231 740
231 888
231 902
231 973
231 978
232 260
232 267
232 419
232 433
232 435
232 482
232 522
232 525
232 530
232 537
232 593
232 650
232 654
232 687
232 715
232 744
232 813
232 827
233 253
233 288
233 293
233 314
233 322
233 411
233 461
233 484
233 490
233 506
233 547
233 652
233 689
233 741
233 757
233 792
233 852
233 863
233 941
233 975
233 987
234 277
234 335
234 367
234 425
234 427
234 451
234 566
234 618
234 620
234 735
234 744
234 768
234 769
234 824
234 963
234 966
234 969
234 970
235 311
235 485
235 519
235 639
235 660
235 726
235 735
235 772
235 803
235 869
235 911
235 980
236 296
236 371
236 483
236 519
236 520
236 586
236 621
236 661
236 703
236 708
236 712
236 749
237 243
237 266
237 345
237 450
237 456
237 490
237 536
237 571
237 632
237 641
237 735
237 825
237 843
238 382
238 427
238 532
238 596
238 646
238 653
238 711
238 716
238 900
238 950
238 959
238 976
239 255
239 461
239 491
239 508
239 518
239 531
239 618
239 621
239 664
239 697
239 741
239 747
239 892
239 935
239 965
240 265
240 495
240 541
240 691
240 713
240 738
240 783
240 840
240 848
240 868
240 888
240 925
240 976
241 330
241 364
241 386
241 394
241 509
241 543
241 647
241 778
241 780
241 806
241 863
241 869
241 918
241 981
242 335
242 358
242 369
242 394
242 507
242 523
242 547
242 580
242 604
242 690
242 711
242 723
242 729
242 764
242 770
242 820
242 866
242 871
242 887
242 898
242 903
242 989
243 339
243 487
243 492
243 524
243 546
243 552
243 657
243 667
243 747
243 874
243 949
243 988
244 257
244 283
244 328
244 334
244 377
244 389
244 492
244 494
244 515
244 576
244 797
244 850
244 914
244 918
244 935
244 998
245 280
245 283
245 309
245 390
245 422
245 473
245 478
245 524
245 566
245 581
245 712
245 737
245 789
245 792
245 867
245 899
245 900
245 923
246 288
246 381
246 397
246 438
246 466
246 532
246 613
246 620
246 623
246 635
246 673
246 690
246 813
246 822
246 848
246 892
246 938
247 270
247 277
247 313
247 319
247 406
247 435
247 452
247 457
247 533
247 609
247 619
247 698
247 786
247 808
247 846
247 858
247 875
247 940
247 971
247 986
248 278
248 296
248 392
248 447
248 506
248 508
248 606
248 648
248 671
248 733
248 746
248 766
248 782
248 837
248 870
248 895
248 917
248 921
248 974
248 986
248 989
249 501
249 569
249 859
249 871
249 895
249 944
250 350
250 374
250 385
250 411
250 447
250 521
250 524
250 593
250 657
250 697
250 700
250 701
250 740
250 817
250 856
250 964
251 333
251 366
251 454
251 660
251 662
251 775
251 859
251 866
251 896
251 906
251 938
251 939
251 947
251 979
251 994
252 278
252 285
252 291
252 330
252 433
252 599
252 650
252 740
252 794
252 879
252 895
252 918
252 931
252 977
253 271
253 468
253 470
253 593
253 616
253 625
253 675
253 693
253 713
253 723
253 855
253 960
254 263
254 279
254 365
254 379
254 397
254 515
254 526
254 560
254 563
254 620
254 645
254 676
254 737
254 757
254 781
254 804
254 820
254 827
254 926
254 947
254 962
254 981
255 318
255 321
255 347
255 408
255 446
255 458
255 499
255 604
255 815
255 835
255 886
255 896
255 915
255 916
255 933
255 934
256 323
256 325
256 463
256 495
256 521
256 550
256 796
256 847
256 854
256 935
256 979
256 992
257 334
257 406
257 407
257 489
257 576
257 644
257 735
257 885
257 919
257 934
258 313
258 356
258 523
258 545
258 555
258 658
258 709
258 715
258 825
258 833
258 891
259 320
259 342
259 430
259 497
259 688
259 701
259 785
259 873
259 893
259 899
259 947
259 987
260 325
260 356
260 387
260 391
260 400
260 418
260 552
260 571
260 784
260 928
260 960
260 988
261 307
261 384
261 469
261 503
261 576
261 619
261 626
261 659
261 742
261 748
262 467
262 482
262 550
262 653
262 730
262 745
262 757
262 781
262 848
262 851
262 922
262 936
263 309
263 341
263 419
263 529
263 571
263 580
263 593
263 597
263 607
263 655
263 833
264 266
264 334
264 439
264 457
264 651
264 714
264 771
264 790
264 885
264 945
264 949
265 273
265 278
265 367
265 380
265 396
265 428
265 567
265 626
265 661
265 689
265 711
265 738
265 785
265 792
265 825
265 839
265 847
265 900
265 948
265 994
266 336
266 427
266 496
266 518
266 530
266 605
266 620
266 642
266 773
266 824
266 862
266 917
266 960
267 294
267 299
267 326
267 335
267 354
267 531
267 647
267 700
267 713
267 832
267 860
267 959
267 961
268 279
268 319
268 412
268 433
268 447
268 456
268 508
268 528
268 563
268 733
268 745
268 761
268 801
268 871
268 874
268 894
268 945
268 949
268 963
268 970
269 297
269 312
269 385
269 386
269 400
269 411
269 437
269 445
269 451
269 465
269 469
269 486
269 521
269 648
269 722
269 834
269 859
269 876
269 902
270 350
270 464
270 474
270 600
270 617
270 634
270 638
270 705
270 779
270 884
270 982
270 991
271 380
271 658
271 704
271 709
271 740
271 776
271 803
271 831
271 982
272 365
272 382
272 394
272 412
272 419
272 437
272 451
272 469
272 490
272 540
272 694
272 780
272 811
272 827
272 880
272 900
272 933
272 943
273 292
273 326
273 365
273 565
273 567
273 827
273 948
273 963
274 276
274 322
274 385
274 396
274 426
274 438
274 439
274 497
274 522
274 531
274 564
274 606
274 616
274 630
274 671
274 811
274 828
274 904
275 296
275 353
275 456
275 565
275 628
275 635
275 763
275 792
275 842
275 848
275 867
275 875
275 900
275 907
275 931
276 349
276 361
276 397
276 428
276 511
276 536
276 592
276 601
276 670
276 676
276 719
276 737
276 787
276 819
276 854
276 904
276 947
277 287
277 323
277 349
277 399
277 401
277 437
277 469
277 615
277 619
277 631
277 744
277 783
277 805
277 829
277 871
277 877
277 912
277 992
278 437
278 619
278 637
278 750
278 752
278 804
278 831
278 977
278 990
278 997
279 297
279 389
279 424
279 524
279 541
279 639
279 808
279 875
279 877
279 912
280 379
280 399
280 440
280 519
280 568
280 696
280 766
280 886
280 956
281 330
281 348
281 365
281 390
281 420
281 454
281 456
281 494
281 507
281 535
281 547
281 619
281 642
281 646
281 680
281 750
281 759
281 860
281 914
281 932
281 933
282 316
282 460
282 468
282 576
282 634
282 711
282 792
282 822
282 923
282 925
283 341
283 436
283 443
283 521
283 621
283 637
283 774
283 791
283 823
283 943
283 978
284 308
284 334
284 411
284 543
284 578
284 613
284 645
284 667
284 670
284 679
284 716
284 764
284 779
284 822
284 865
284 882
284 935
285 305
285 372
285 374
285 480
285 502
285 510
285 556
285 598
285 654
285 702
285 756
285 818
285 985
286 309
286 335
286 354
286 427
286 481
286 589
286 654
286 656
286 683
286 747
286 765
286 804
286 836
286 860
286 943
286 986
286 995
287 314
287 315
287 365
287 380
287 389
287 411
287 532
287 636
287 640
287 697
287 728
287 765
287 901
287 935
287 965
288 317
288 345
288 361
288 384
288 442
288 569
288 581
288 664
288 679
288 734
288 741
288 843
288 862
288 984
289 359
289 409
289 411
289 430
289 446
289 544
289 587
289 597
289 608
289 635
289 695
289 730
289 737
289 748
289 755
289 776
289 791
289 798
289 859
289 880
289 959
289 976
290 370
290 447
290 507
290 525
290 569
290 690
290 873
291 330
291 369
291 400
291 484
291 486
291 505
291 543
291 569
291 640
291 745
291 769
291 777
291 852
291 945
291 950
292 298
292 385
292 402
292 463
292 501
292 516
292 556
292 620
292 766
292 770
292 784
292 906
292 950
293 339
293 377
293 426
293 447
293 476
293 608
293 613
293 663
293 730
293 823
293 824
293 901
293 957
294 393
294 417
294 480
294 513
294 570
294 705
294 787
294 840
294 931
295 395
295 454
295 460
295 480
295 665
295 695
295 737
295 753
295 774
295 821
295 867
295 896
295 899
295 905
295 909
295 913
295 917
296 432
296 433
296 551
296 633
296 677
296 831
296 843
296 858
296 886
296 906
296 918
296 997
297 327
297 335
297 381
297 471
297 565
297 676
297 798
297 800
297 906
297 945
298 306
298 421
298 558
298 568
298 598
298 643
298 656
298 936
298 957
299 455
299 457
299 524
299 549
299 560
299 646
299 681
299 768
299 793
299 794
299 802
299 900
299 907
299 928
299 988
300 346
300 363
300 378
300 465
300 576
300 627
300 633
300 696
300 719
300 870
300 899
300 964
301 375
301 383
301 477
301 507
301 569
301 659
301 666
301 671
301 682
301 700
301 741
301 761
301 832
301 866
301 915
301 932
301 998
302 312
302 320
302 326
302 474
302 533
302 603
302 615
302 742
302 801
302 868
302 944
302 953
303 384
303 389
303 451
303 457
303 542
303 552
303 557
303 595
303 599
303 612
303 717
303 783
303 784
303 797
303 848
303 926
303 929
303 975
303 977
303 985
303 991
304 309
304 344
304 361
304 580
304 678
304 696
304 699
304 724
304 732
304 758
304 789
304 831
304 873
304 982
305 424
305 440
305 656
305 683
305 734
305 741
305 749
305 804
305 862
305 982
306 329
306 420
306 470
306 484
306 497
306 552
306 553
306 634
306 651
306 671
306 792
306 910
306 914
306 960
307 364
307 527
307 596
307 655
307 667
307 758
307 768
307 803
307 864
307 868
307 876
307 965
308 335
308 375
308 385
308 386
308 449
308 463
308 498
308 547
308 565
308 725
308 750
308 886
308 888
309 321
309 350
309 460
309 473
309 596
309 605
309 747
309 980
310 361
310 376
310 425
310 462
310 500
310 522
310 563
310 597
310 601
310 812
310 816
310 879
310 989
310 993
311 335
311 354
311 405
311 489
311 501
311 533
311 550
311 563
311 660
311 696
311 751
311 860
311 863
312 320
312 338
312 341
312 401
312 645
312 902
312 914
312 960
312 976
312 981
313 334
313 337
313 387
313 493
313 510
313 511
313 517
313 622
313 704
313 706
313 839
313 923
314 324
314 334
314 467
314 470
314 509
314 620
314 655
314 707
314 714
314 809
314 861
314 870
314 902
314 904
314 970
315 350
315 585
315 606
315 613
315 684
315 706
315 790
315 817
315 826
315 942
316 353
316 390
316 420
316 462
316 479
316 503
316 568
316 604
316 613
316 626
316 688
316 736
316 825
316 833
316 857
316 968
316 984
317 443
317 483
317 522
317 541
317 652
317 657
317 693
317 694
317 761
317 798
317 828
317 870
317 931
317 950
318 329
318 379
318 545
318 686
318 699
318 783
318 838
318 959
318 986
319 322
319 343
319 396
319 458
319 554
319 565
319 574
319 744
319 758
319 794
319 841
319 898
319 924
319 925
320 363
320 410
320 437
320 495
320 510
320 511
320 532
320 693
320 718
320 793
320 815
320 836
320 866
320 887
321 408
321 419
321 428
321 462
321 487
321 625
321 629
321 770
321 787
321 818
321 843
321 925
321 975
322 346
322 352
322 559
322 790
322 796
322 848
322 852
322 896
322 939
322 990
323 364
323 366
323 541
323 559
323 565
323 590
323 661
323 667
323 932
323 950
323 983
324 361
324 457
324 477
324 493
324 516
324 628
324 635
324 642
324 677
324 682
324 689
324 704
324 741
324 753
324 806
324 930
324 932
324 975
324 985
324 994
325 328
325 332
325 461
325 482
325 630
325 732
325 872
325 898
325 972
326 331
326 350
326 368
326 384
326 438
326 464
326 581
326 610
326 714
326 730
326 793
326 794
326 873
327 372
327 378
327 403
327 449
327 471
327 498
327 697
327 718
327 792
327 996
328 377
328 404
328 538
328 794
328 944
328 962
328 983
329 391
329 445
329 451
329 505
329 594
329 605
329 650
329 658
329 775
329 806
329 837
329 918
329 946
329 963
329 984
330 388
330 450
330 463
330 629
330 640
330 858
330 878
330 888
330 912
330 929
331 366
331 613
331 616
331 648
331 872
332 341
332 392
332 506
332 566
332 620
332 649
332 663
332 666
332 797
332 846
332 938
333 335
333 394
333 420
333 467
333 479
333 490
333 500
333 609
333 665
333 708
333 782
333 877
333 941
333 956
334 355
334 377
334 408
334 517
334 526
334 532
334 552
334 613
334 791
334 855
334 906
335 366
335 448
335 532
335 544
335 609
335 667
335 731
335 869
335 900
335 901
336 409
336 491
336 546
336 580
336 601
336 691
336 736
336 777
336 823
336 851
336 852
336 859
336 898
336 906
336 909
336 948
336 997
337 356
337 362
337 370
337 498
337 546
337 557
337 590
337 618
337 695
337 712
337 756
337 797
337 972
338 345
338 391
338 437
338 466
338 496
338 734
338 824
338 833
338 913
339 384
339 457
339 515
339 526
339 556
339 609
339 674
339 773
339 778
339 785
339 825
339 834
339 840
339 983
339 988
340 364
340 388
340 425
340 464
340 510
340 514
340 711
340 714
340 767
340 771
340 774
340 892
340 903
340 911
340 967
341 365
341 479
341 565
341 643
341 667
341 682
341 734
341 785
341 918
341 922
342 512
342 516
342 591
342 593
342 696
342 759
342 780
342 823
342 843
342 879
342 885
342 993
343 346
343 370
343 458
343 477
343 492
343 530
343 544
343 552
343 611
343 669
343 679
343 787
343 811
343 823
343 878
343 940
344 511
344 522
344 564
344 571
344 715
344 775
344 776
344 786
344 796
344 962
345 357
345 398
345 458
345 514
345 528
345 537
345 630
345 644
345 658
345 664
345 732
345 764
345 805
345 849
345 931
346 362
346 366
346 514
346 534
346 560
346 587
346 602
346 603
346 681
346 683
346 743
346 801
346 820
346 877
347 437
347 588
347 614
347 615
347 639
347 721
347 901
347 932
347 968
348 375
348 428
348 441
348 456
348 597
348 669
348 683
348 718
348 787
348 861
348 864
348 970
349 411
349 412
349 472
349 556
349 582
349 681
349 713
349 724
349 741
349 749
349 783
349 791
349 926
349 942
349 974
350 370
350 435
350 444
350 455
350 482
350 493
350 497
350 559
350 567
350 636
350 684
350 696
350 776
350 783
350 795
350 817
350 836
350 930
350 973
351 395
351 457
351 465
351 590
351 689
351 765
351 810
351 888
351 913
351 944
352 386
352 419
352 452
352 486
352 678
352 709
352 724
352 763
352 797
352 826
352 915
353 410
353 412
353 428
353 469
353 544
353 551
353 639
353 668
353 746
353 756
353 850
353 857
353 879
354 446
354 493
354 526
354 545
354 559
354 613
354 791
354 822
354 872
354 898
354 919
355 357
355 654
355 774
355 783
355 868
355 904
355 992
356 376
356 394
356 420
356 522
356 736
356 813
356 822
356 840
356 959
357 378
357 426
357 605
357 625
357 692
357 734
357 750
357 960
357 974
358 383
358 408
358 478
358 586
358 620
358 635
358 645
358 650
358 653
358 691
358 752
358 794
358 839
358 946
358 950
358 972
359 411
359 427
359 457
359 485
359 546
359 623
359 638
359 687
359 914
359 930
359 934
359 962
359 994
360 402
360 490
360 498
360 508
360 581
360 594
360 624
360 848
360 868
360 870
360 930
361 409
361 443
361 487
361 518
361 556
361 688
361 845
361 859
361 868
361 879
361 894
362 513
362 516
362 545
362 558
362 830
362 934
363 379
363 380
363 411
363 420
363 533
363 547
363 593
363 633
363 659
363 662
363 720
363 724
363 796
363 801
363 823
363 859
363 862
364 402
364 414
364 472
364 499
364 508
364 604
364 605
364 621
364 633
364 651
364 673
364 696
364 835
364 852
364 950
365 369
365 545
365 558
365 559
365 594
365 632
365 656
365 665
365 673
365 811
365 814
365 852
365 885
365 886
365 895
365 928
365 954
365 975
365 992
366 420
366 586
366 651
366 696
366 735
366 753
366 830
366 839
366 850
366 960
367 406
367 407
367 478
367 505
367 545
367 639
367 642
367 652
367 653
367 730
367 736
367 757
367 774
367 811
367 847
367 882
367 887
367 989
368 396
368 405
368 542
368 570
368 603
368 663
368 805
368 823
368 841
368 900
368 940
368 991
368 998
369 441
369 500
369 535
369 538
369 539
369 628
369 656
369 804
369 834
369 844
369 887
369 923
370 409
370 410
370 421
370 605
370 607
370 632
370 633
370 773
370 786
370 921
370 973
370 995
371 441
371 598
371 670
371 676
371 694
371 715
371 720
371 722
371 757
371 830
371 833
371 924
371 973
372 385
372 561
372 586
372 668
372 697
372 823
372 854
372 944
372 951
372 976
373 396
373 440
373 447
373 534
373 571
373 618
373 660
373 720
373 758
373 768
373 849
373 885
374 430
374 580
374 657
374 673
374 684
374 713
374 889
374 921
374 941
375 410
375 504
375 509
375 525
375 552
375 561
375 581
375 608
375 644
375 727
375 734
375 781
375 846
375 854
375 943
375 977
376 455
376 581
376 585
376 594
376 648
376 688
376 782
376 824
376 932
377 378
377 401
377 448
377 533
377 726
377 769
377 786
377 794
377 917
378 397
378 411
378 535
378 555
378 602
378 626
378 712
378 761
378 870
378 872
378 964
379 381
379 443
379 503
379 508
379 553
379 572
379 579
379 639
379 650
379 684
379 695
379 730
379 787
379 795
379 800
380 400
380 471
380 500
380 554
380 564
380 589
380 646
380 661
380 739
380 760
380 789
380 804
380 806
380 818
380 922
380 966
381 395
381 593
381 661
381 697
381 806
381 847
381 868
381 888
381 908
382 392
382 403
382 452
382 514
382 537
382 572
382 681
382 683
382 758
382 787
382 814
382 829
382 895
382 990
383 454
383 486
383 492
383 513
383 561
383 602
383 635
383 718
383 751
383 847
383 857
383 930
383 986
384 434
384 468
384 561
384 660
384 688
384 745
384 773
384 921
384 953
385 393
385 450
385 458
385 461
385 463
385 506
385 552
385 658
385 662
385 745
385 831
385 879
385 906
385 911
385 938
386 496
386 602
386 612
386 625
386 664
386 776
386 781
386 782
386 956
386 977
386 998
387 413
387 577
387 585
387 605
387 659
387 661
387 695
387 843
387 851
387 870
387 904
387 929
387 936
388 430
388 503
388 534
388 547
388 637
388 684
388 727
388 861
388 921
388 943
389 419
389 457
389 514
389 579
389 612
389 678
389 750
389 837
389 848
389 986
390 506
390 545
390 585
390 593
390 610
390 636
390 731
390 737
390 907
390 952
390 958
391 448
391 491
391 513
391 533
391 541
391 546
391 550
391 627
391 669
391 683
391 818
391 820
391 896
391 906
391 962
391 968
392 393
392 573
392 644
392 680
392 695
392 741
392 852
392 872
392 877
392 901
392 945
393 616
393 733
393 904
393 980
394 537
394 695
394 721
394 759
394 796
394 807
394 820
394 887
394 907
394 912
395 412
395 434
395 447
395 457
395 493
395 546
395 553
395 690
395 771
395 799
395 845
395 862
395 917
395 984
396 446
396 447
396 455
396 532
396 556
396 560
396 679
396 681
396 686
396 751
396 793
396 802
396 834
396 873
396 882
396 966
397 439
397 441
397 487
397 518
397 531
397 574
397 605
397 610
397 617
397 663
397 758
397 789
397 811
397 857
397 882
397 963
397 987
398 458
398 477
398 563
398 573
398 581
398 694
398 812
398 813
398 831
398 857
398 900
398 970
399 449
399 497
399 565
399 602
399 611
399 630
399 714
399 764
399 883
399 985
400 462
400 497
400 498
400 529
400 573
400 583
400 666
400 668
400 769
400 777
400 808
400 891
400 900
400 904
400 922
400 923
400 974
401 470
401 497
401 569
401 660
401 894
401 974
401 983
402 525
402 559
402 587
402 596
402 609
402 683
402 696
402 729
402 755
402 835
402 848
402 923
402 941
402 957
402 968
402 969
402 975
403 407
403 446
403 475
403 579
403 594
403 612
403 660
403 664
403 691
403 852
403 869
403 942
404 462
404 579
404 605
404 689
404 693
404 766
404 798
404 924
404 946
404 990
404 995
405 613
405 622
405 699
405 772
405 871
405 891
405 910
405 918
405 955
405 958
406 490
406 665
406 686
406 732
406 756
406 843
406 924
407 525
407 601
407 612
407 622
407 694
407 737
407 799
407 856
407 891
407 904
407 956
407 990
408 426
408 465
408 574
408 588
408 677
408 701
408 791
408 807
408 871
408 896
408 923
409 437
409 450
409 477
409 503
409 543
409 645
409 690
409 741
409 770
409 827
409 907
409 914
409 927
409 975
409 999
410 542
410 741
410 761
410 780
410 824
410 841
410 853
410 933
410 939
410 969
411 425
411 593
411 659
411 760
411 814
411 850
411 855
411 914
411 915
412 442
412 449
412 463
412 492
412 500
412 511
412 560
412 650
412 897
412 988
413 433
413 567
413 594
413 664
413 670
413 731
413 740
413 791
413 965
413 978
414 437
414 445
414 463
414 637
414 640
414 668
414 799
414 888
414 974
415 542
415 562
415 613
415 619
415 700
415 772
415 846
415 891
415 913
415 919
415 933
415 935
415 943
415 948
416 431
416 460
416 638
416 772
416 775
416 797
416 944
417 530
417 573
417 589
417 636
417 847
417 881
417 899
417 918
417 925
418 450
418 538
418 591
418 613
418 618
418 679
418 684
418 757
418 787
418 870
418 950
418 962
418 986
419 420
419 449
419 453
419 475
419 544
419 552
419 631
419 651
419 767
419 776
419 794
419 800
419 830
419 870
419 942
419 951
419 978
420 447
420 639
420 762
421 489
421 557
421 640
421 644
421 652
421 689
421 729
421 813
421 819
421 888
421 913
421 954
422 442
422 467
422 534
422 553
422 627
422 629
422 646
422 647
422 722
422 743
422 852
422 912
423 452
423 510
423 632
423 675
423 689
423 702
423 768
423 769
423 777
423 834
423 886
423 900
423 913
424 482
424 558
424 636
424 707
424 720
424 725
424 727
424 742
424 768
424 783
424 872
424 972
425 522
425 552
425 581
425 656
425 736
425 755
425 775
425 830
425 872
425 966
425 979
426 430
426 750
426 771
426 814
426 855
426 896
426 906
426 953
426 970
427 578
427 709
427 755
427 849
427 914
427 945
427 949
427 986
428 502
428 536
428 552
428 587
428 642
428 668
428 715
428 781
428 792
428 812
428 960
428 998
429 577
429 610
429 632
429 649
429 683
429 784
429 912
429 981
430 507
430 534
430 541
430 574
430 575
430 606
430 630
430 868
430 878
430 889
430 943
430 985
431 443
431 455
431 522
431 605
431 699
431 737
431 792
431 875
431 879
431 904
431 921
431 933
431 970
431 998
432 485
432 514
432 518
432 588
432 610
432 638
432 672
432 687
432 772
432 883
433 497
433 534
433 616
433 637
433 712
433 721
433 778
433 781
433 807
433 828
433 850
433 873
433 898
433 943
433 999
434 465
434 563
434 679
434 805
434 883
434 929
434 997
435 438
435 465
435 546
435 548
435 585
435 607
435 648
435 701
435 753
435 813
435 864
435 896
435 927
435 933
435 936
435 988
436 514
436 523
436 525
436 545
436 549
436 554
436 566
436 594
436 625
436 642
436 707
436 713
436 759
436 779
436 803
436 952
436 987
437 559
437 585
437 619
437 743
437 759
437 795
437 891
437 938
438 493
438 573
438 612
438 650
438 708
438 741
438 746
438 795
438 917
438 943
438 972
439 513
439 614
439 615
439 618
439 631
439 642
439 653
439 682
439 820
439 876
439 936
439 972
439 999
440 459
440 533
440 716
440 736
440 792
440 819
440 854
440 916
440 917
440 922
441 461
441 493
441 506
441 633
441 665
441 829
441 896
441 907
441 954
441 989
442 458
442 515
442 521
442 668
442 703
442 767
442 770
442 838
442 907
442 989
443 458
443 481
443 511
443 515
443 695
443 703
443 775
443 864
443 958
444 486
444 507
444 541
444 543
444 548
444 571
444 587
444 592
444 619
444 688
444 742
444 749
444 787
444 839
444 843
444 921
444 932
444 943
445 466
445 479
445 510
445 587
445 601
445 626
445 640
445 821
445 910
445 974
445 978
446 457
446 477
446 492
446 577
446 615
446 623
446 626
446 725
446 781
446 803
446 851
446 855
446 907
446 914
447 513
447 538
447 588
447 649
447 707
447 768
447 811
447 898
447 986
447 998
448 471
448 560
448 597
448 614
448 622
448 624
448 658
448 698
448 702
448 748
448 754
448 756
448 798
448 868
448 903
448 986
449 537
449 573
449 632
449 690
449 706
449 783
449 955
449 959
450 580
450 608
450 654
450 661
450 669
450 671
450 675
450 677
450 896
450 935
450 942
450 943
451 471
451 534
451 638
451 669
451 706
451 710
451 790
451 892
451 902
451 953
452 456
452 505
452 529
452 726
452 765
452 806
452 825
452 858
452 901
452 934
452 997
453 479
453 519
453 604
453 623
453 640
453 651
453 719
453 725
453 726
453 771
453 837
453 934
453 942
453 957
454 500
454 508
454 547
454 592
454 609
454 646
454 690
454 698
454 788
454 832
454 956
454 972
454 980
455 615
455 617
455 752
455 794
455 892
455 940
456 475
456 579
456 596
456 684
456 718
456 793
456 804
456 816
456 833
456 964
456 973
457 709
457 792
457 858
457 878
457 933
457 945
458 535
458 703
458 711
458 739
458 879
458 909
458 910
458 924
458 951
458 962
458 992
459 475
459 477
459 573
459 610
459 680
459 712
459 726
459 749
459 758
459 764
459 803
459 820
459 880
459 898
459 957
460 520
460 532
460 552
460 622
460 638
460 911
460 913
460 925
460 954
461 470
461 493
461 527
461 546
461 601
461 602
461 664
461 675
461 748
461 867
461 899
461 905
461 928
461 965
462 475
462 743
462 780
462 806
462 807
462 900
462 957
462 958
463 657
463 828
463 830
463 834
463 865
463 870
463 907
463 989
464 482
464 518
464 583
464 761
464 778
464 844
464 847
464 888
464 988
465 476
465 561
465 608
465 623
465 652
465 780
465 811
465 905
465 992
466 564
466 687
466 693
466 696
466 732
466 759
466 772
466 825
466 876
466 890
466 956
467 593
467 607
467 693
467 695
467 715
467 717
467 795
467 886
467 911
467 915
467 933
467 948
468 511
468 671
468 731
468 759
468 765
468 771
468 783
468 853
468 875
468 888
468 937
468 974
468 992
468 996
469 505
469 608
469 792
469 927
469 954
470 473
470 493
470 609
470 614
470 622
470 683
470 744
470 779
470 831
470 837
470 905
470 953
470 979
471 486
471 546
471 552
471 602
471 618
471 631
471 660
471 673
471 823
471 860
471 890
471 907
471 970
471 987
472 609
472 705
472 731
472 764
472 766
472 806
472 856
472 926
472 948
473 508
473 529
473 566
473 594
473 596
473 664
473 742
473 783
473 820
473 861
473 866
473 877
473 910
474 524
474 548
474 748
474 757
474 809
474 892
475 599
475 605
475 620
475 725
475 754
475 756
475 875
475 886
475 901
475 904
475 987
476 505
476 559
476 591
476 727
476 840
476 867
476 897
476 938
476 988
477 685
477 709
477 796
477 963
477 974
478 535
478 588
478 643
478 646
478 926
478 933
478 965
478 966
479 511
479 586
479 590
479 676
479 677
479 699
479 792
479 832
479 894
479 931
479 976
480 585
480 586
480 639
480 792
480 822
480 862
480 954
480 969
480 980
481 506
481 539
481 545
481 568
481 611
481 615
481 633
481 657
481 753
481 953
481 958
481 974
482 517
482 533
482 570
482 614
482 696
482 767
482 811
482 837
482 865
482 921
482 936
482 962
483 518
483 552
483 553
483 741
483 848
483 928
483 971
484 504
484 535
484 546
484 570
484 696
484 725
484 779
484 871
484 874
484 899
484 908
484 914
484 922
484 941
485 491
485 551
485 557
485 593
485 645
485 706
485 727
485 827
485 840
485 851
485 905
485 946
486 497
486 534
486 577
486 673
486 690
486 760
486 777
486 784
486 955
487 559
487 609
487 666
487 678
487 695
487 781
487 866
487 878
487 940
488 497
488 567
488 568
488 581
488 639
488 806
488 933
488 961
488 998
489 499
489 637
489 714
489 717
489 824
489 833
489 848
489 860
489 865
489 910
489 911
489 915
489 945
489 947
489 966
489 986
490 493
490 507
490 568
490 641
490 657
490 696
490 747
490 764
490 804
490 840
490 893
490 895
490 903
490 915
490 985
490 997
491 596
491 647
491 716
491 755
491 759
491 782
491 895
491 942
492 501
492 540
492 636
492 750
492 784
492 849
492 870
492 949
492 964
493 545
493 590
493 711
493 730
493 813
493 874
493 886
493 896
493 954
493 971
494 578
494 585
494 626
494 657
494 707
494 828
494 895
494 997
495 514
495 536
495 549
495 646
495 705
495 728
495 862
495 889
495 904
495 910
495 993
496 619
496 777
496 793
496 800
496 903
496 922
496 929
496 939
496 944
496 974
497 514
497 610
497 671
497 826
497 844
497 897
497 903
497 907
497 912
498 546
498 574
498 578
498 595
498 606
498 619
498 630
498 759
498 878
498 946
499 512
499 567
499 748
499 757
499 779
499 780
499 791
499 837
499 846
499 852
499 959
499 970
500 513
500 517
500 519
500 602
500 685
500 700
500 736
500 803
500 808
500 813
500 830
500 876
500 908
500 910
500 985
501 530
501 679
501 694
501 718
501 729
501 747
501 758
501 804
501 844
501 865
501 877
501 893
501 969
502 556
502 560
502 603
502 612
502 747
502 754
502 795
502 889
502 902
502 978
503 523
503 554
503 607
503 640
503 727
503 784
503 785
503 809
503 939
503 967
503 983
504 563
504 585
504 627
504 777
504 846
504 855
505 513
505 665
505 741
505 783
505 880
505 891
505 924
505 935
505 967
506 611
506 616
506 642
506 777
506 811
506 838
506 862
507 648
507 689
507 779
507 794
507 836
507 839
507 853
507 870
507 942
507 978
508 603
508 689
508 716
508 756
508 875
508 894
508 961
508 975
508 996
509 520
509 596
509 636
509 711
509 737
509 805
509 808
509 841
509 867
509 877
509 900
509 979
510 577
510 617
510 676
510 704
510 770
510 790
510 839
510 863
510 879
510 962
510 984
511 515
511 537
511 558
511 567
511 656
511 735
511 745
511 749
511 761
511 768
511 782
511 784
511 829
511 835
511 865
511 896
511 913
511 986
512 517
512 522
512 615
512 619
512 668
512 683
512 740
512 759
512 766
512 791
512 792
512 793
512 970
512 976
512 980
513 703
513 712
513 780
513 870
513 874
514 539
514 578
514 579
514 603
514 617
514 671
514 673
514 706
514 742
514 881
514 903
514 930
514 969
515 516
515 607
515 620
515 664
515 747
515 775
515 776
515 799
515 933
515 971
516 538
516 589
516 648
516 682
516 839
516 921
516 982
516 998
517 555
517 596
517 659
517 697
517 744
517 763
517 798
517 822
517 873
517 919
517 938
517 941
518 566
518 568
518 579
518 644
518 661
518 820
518 891
519 537
519 545
519 546
519 567
519 625
519 659
519 719
519 742
519 752
519 779
519 803
519 826
519 853
519 966
520 570
520 716
520 785
520 790
520 889
521 522
521 590
521 608
521 645
521 652
521 690
521 697
521 763
521 776
521 789
521 798
521 841
521 868
521 916
521 948
521 979
522 582
522 594
522 644
522 664
522 741
522 779
522 780
522 811
522 838
522 851
522 978
522 983
523 557
523 589
523 614
523 635
523 685
523 785
523 795
523 807
523 815
523 863
523 870
523 912
523 918
523 944
523 958
523 997
524 601
524 639
524 641
524 675
524 692
524 843
524 921
524 933
525 635
525 682
525 722
525 757
525 765
525 777
525 879
525 908
525 922
525 923
526 538
526 565
526 582
526 715
526 745
526 748
526 795
526 822
526 827
526 847
526 888
526 908
527 682
527 736
527 919
527 945
527 946
527 980
528 564
528 576
528 586
528 750
528 777
528 795
528 864
528 876
528 950
528 976
529 564
529 576
529 601
529 657
529 708
529 729
529 827
529 852
529 882
530 572
530 599
530 601
530 673
530 852
530 861
530 938
530 941
530 961
531 719
531 803
531 877
531 880
531 924
531 984
531 989
532 552
532 612
532 649
532 718
532 750
532 771
532 799
532 806
532 949
533 559
533 561
533 615
533 682
533 719
533 763
533 770
533 823
533 920
534 773
534 778
534 808
534 830
534 870
534 923
534 952
534 979
535 631
535 654
535 728
535 766
535 816
535 830
535 839
535 887
536 600
536 647
536 673
536 812
536 835
536 945
536 950
537 580
537 783
537 790
537 852
537 877
537 887
537 891
537 943
538 586
538 602
538 609
538 643
538 683
538 716
538 766
538 773
538 900
538 925
538 946
539 678
539 688
539 696
539 766
539 774
539 794
539 798
539 822
539 828
539 851
539 863
539 874
539 970
540 571
540 609
540 614
540 655
540 678
540 719
540 757
540 810
540 811
540 814
541 624
541 748
541 791
541 879
541 881
541 947
541 984
542 562
542 616
542 619
542 772
542 799
542 875
542 926
542 938
542 959
543 576
543 636
543 661
543 678
543 846
544 622
544 692
544 792
544 816
544 848
544 882
544 886
544 919
544 933
545 661
545 686
545 747
545 760
545 910
545 919
545 998
546 564
546 640
546 651
546 889
546 917
546 939
546 952
546 989
547 677
547 720
547 823
547 827
547 943
547 968
548 559
548 600
548 658
548 711
548 724
548 741
548 789
548 807
548 825
548 844
548 883
548 885
548 938
548 947
548 984
549 556
549 578
549 676
549 725
549 744
549 804
549 817
549 835
549 875
549 876
549 897
550 674
550 747
550 797
550 849
550 865
550 882
550 918
551 615
551 674
551 707
551 716
551 730
551 742
551 908
551 913
551 920
551 935
551 950
551 954
551 967
552 646
552 673
552 724
552 730
552 741
552 797
552 850
552 863
552 865
552 928
552 974
553 569
553 675
553 704
553 733
553 764
553 806
553 815
553 844
553 855
553 866
553 893
553 925
553 974
553 979
553 991
554 563
554 582
554 623
554 846
554 890
554 953
554 997
554 999
555 646
555 678
555 743
555 795
556 564
556 619
556 645
556 695
556 698
556 701
556 791
556 899
556 937
557 605
557 637
557 687
557 698
557 740
557 769
557 790
557 987
558 582
558 604
558 628
558 663
558 736
558 754
558 769
558 778
558 809
558 860
558 863
558 866
558 909
558 951
558 952
559 653
559 657
559 674
559 761
559 801
559 820
559 829
560 575
560 579
560 593
560 639
560 790
560 816
560 886
561 595
561 679
561 737
561 747
561 752
561 759
561 781
561 787
561 807
561 869
561 888
561 893
561 936
561 941
561 961
561 980
562 610
562 653
562 775
562 877
562 972
563 616
563 760
563 762
563 764
563 770
563 896
563 914
563 927
563 977
564 571
564 599
564 608
564 628
564 644
564 802
564 869
564 973
565 591
565 593
565 608
565 690
565 776
565 998
566 598
566 612
566 724
566 821
566 924
567 625
567 628
567 671
567 708
567 810
567 821
567 867
567 977
567 993
568 580
568 618
568 685
568 824
568 912
568 917
568 928
569 612
569 847
569 875
569 956
569 970
570 580
570 591
570 624
570 686
570 708
570 761
570 771
570 792
570 823
570 831
570 845
570 880
570 893
570 922
571 579
571 600
571 620
571 729
571 788
571 886
571 894
571 958
571 972
571 979
572 599
572 625
572 710
572 780
572 808
572 893
572 908
572 925
572 970
572 974
573 582
573 611
573 691
573 757
573 764
573 773
573 807
573 811
573 959
573 960
574 581
574 653
574 683
574 714
574 716
574 723
574 796
574 801
574 821
574 824
574 838
574 844
574 878
574 918
574 924
575 586
575 587
575 594
575 604
575 636
575 654
575 662
575 834
575 896
576 583
576 598
576 646
576 654
576 706
576 735
576 785
576 839
576 848
576 851
576 879
576 923
576 937
577 610
577 713
577 754
577 759
577 799
577 834
577 863
577 968
578 593
578 621
578 718
578 740
578 953
579 600
579 625
579 780
579 827
579 844
579 953
579 973
580 733
580 760
580 807
580 831
580 841
580 852
580 911
580 973
581 604
581 644
581 739
581 767
581 787
581 831
581 833
581 959
581 967
582 622
582 708
582 772
582 798
582 907
582 940
583 613
583 640
583 648
583 686
583 731
583 744
583 777
583 814
583 846
583 972
584 592
584 702
584 745
584 777
584 868
584 896
584 998
585 678
585 682
585 690
585 727
585 777
585 789
585 890
585 967
586 698
586 853
586 867
586 936
586 972
587 611
587 677
587 697
587 699
587 704
587 733
587 742
587 830
587 859
587 865
587 880
587 907
587 927
587 958
588 612
588 635
588 661
588 719
588 756
588 758
588 760
588 803
588 886
588 891
588 918
589 612
589 642
589 644
589 712
589 795
589 846
589 888
589 954
589 971
589 988
589 991
590 697
590 700
590 766
590 800
590 992
591 604
591 662
591 663
591 754
591 788
591 850
591 924
591 974
592 604
592 644
592 778
592 782
592 789
592 802
592 860
592 900
592 930
592 937
593 692
593 727
593 867
593 899
593 901
593 943
594 636
594 661
594 811
594 812
594 841
594 859
594 864
594 895
594 980
595 640
595 702
595 733
595 763
595 771
595 865
595 872
595 967
596 598
596 625
596 651
596 683
596 712
596 780
596 866
596 880
596 987
597 625
597 670
597 753
597 773
597 775
597 824
597 882
597 952
597 990
598 608
598 620
598 627
598 643
598 674
598 705
598 769
598 834
598 848
598 874
598 888
598 922
599 615
599 616
599 636
599 689
599 709
599 722
599 768
599 916
600 616
600 650
600 669
600 704
600 736
600 790
600 859
600 940
600 969
600 980
601 603
601 664
601 764
601 784
601 826
601 870
602 674
602 691
602 809
602 838
602 876
602 883
602 929
602 941
602 992
603 637
603 701
603 880
603 999
604 654
604 723
604 733
604 739
604 741
604 769
604 824
605 669
605 717
605 784
605 812
605 834
605 856
605 866
605 888
605 977
605 983
606 611
606 623
606 664
606 742
606 776
606 867
606 895
606 934
606 937
606 940
607 717
607 854
607 878
607 888
607 901
607 984
608 696
608 802
608 807
608 827
608 846
608 890
608 933
608 955
609 662
609 722
609 770
609 821
609 847
609 858
609 943
610 633
610 637
610 667
610 732
610 759
610 792
610 897
610 920
611 619
611 665
611 681
611 713
611 843
611 888
611 956
611 964
611 983
611 988
612 839
612 856
612 893
612 920
612 922
612 931
613 658
613 711
613 780
613 782
613 859
613 890
613 966
614 703
614 946
614 982
615 618
615 685
615 734
615 809
615 824
615 839
615 884
616 647
616 725
616 828
616 867
616 888
616 939
617 760
617 768
617 800
617 801
617 831
617 913
617 915
617 923
618 640
618 726
618 741
618 772
618 787
618 894
618 970
618 998
619 684
619 754
619 791
619 828
619 877
619 894
619 940
620 634
620 655
620 703
620 853
620 883
620 888
620 987
621 643
621 737
621 740
621 762
621 856
621 912
621 945
621 964
621 975
622 683
622 717
622 737
622 783
622 796
622 947
622 951
622 988
623 683
623 700
623 701
623 708
623 767
623 777
623 795
623 823
623 852
623 934
623 976
624 665
624 668
624 677
624 716
624 766
624 789
624 791
624 939
625 660
625 668
625 707
625 773
625 852
625 875
625 935
625 960
625 979
626 729
626 730
626 795
626 874
627 630
627 637
627 657
627 665
627 677
627 689
627 748
627 766
627 775
627 819
627 908
627 951
628 667
628 702
628 703
628 712
628 737
628 899
628 978
629 661
629 692
629 720
629 725
629 747
629 752
629 797
629 819
629 829
629 874
629 901
629 935
629 941
629 976
630 717
630 724
630 742
630 761
630 814
630 840
631 648
631 651
631 670
631 763
631 815
631 824
631 872
631 957
631 964
631 968
632 647
632 765
632 832
632 892
633 645
633 651
633 657
633 794
633 845
633 852
633 855
633 877
633 890
633 916
633 927
633 965
633 967
634 663
634 733
634 737
634 759
634 884
634 898
634 916
634 942
634 949
634 985
634 988
635 675
635 682
635 758
635 821
635 846
635 855
635 879
636 778
636 784
636 977
637 669
637 671
637 766
637 839
637 903
637 968
638 675
638 705
638 802
638 806
638 821
638 837
638 848
638 896
638 897
638 903
639 794
639 884
639 927
639 973
639 986
640 671
640 672
640 701
640 762
640 789
640 846
640 987
641 765
641 776
641 810
641 923
641 954
641 965
641 968
642 653
642 669
642 696
642 755
642 762
642 847
642 937
642 965
643 689
643 759
643 762
643 805
643 826
643 867
643 872
643 885
643 945
643 950
643 951
643 965
644 722
644 821
644 899
644 908
645 736
645 762
645 787
645 794
645 855
645 886
646 654
646 716
646 732
646 748
646 850
646 873
646 918
646 946
646 983
646 996
646 999
647 650
647 733
647 758
647 788
647 816
647 834
647 908
647 911
647 931
647 934
647 954
647 968
648 652
648 659
648 671
648 676
648 744
648 755
648 763
648 889
648 890
648 901
648 961
648 964
649 862
649 899
649 901
650 657
650 689
650 789
650 869
650 894
650 937
650 967
650 979
651 693
651 822
651 907
651 935
651 952
652 702
652 754
652 833
652 858
652 967
652 996
653 715
653 726
653 862
653 863
653 916
654 678
654 726
654 777
654 781
654 800
654 827
654 907
655 675
655 698
655 717
655 765
655 859
655 861
655 912
655 984
656 666
656 759
656 801
656 834
656 835
656 873
656 881
656 895
656 926
656 958
656 972
657 705
657 752
657 822
657 970
657 975
658 702
658 721
658 741
658 799
658 824
658 864
658 885
658 982
658 997
659 775
659 970
659 997
660 674
660 693
660 773
660 790
660 817
660 859
660 868
660 967
661 675
661 733
661 780
661 797
661 842
661 863
662 691
662 815
662 983
663 786
663 924
663 926
663 938
664 667
664 680
664 684
664 698
664 762
664 845
664 847
664 901
664 946
664 964
665 670
665 779
665 782
665 837
665 839
665 844
665 867
665 939
665 954
666 689
666 718
666 723
666 804
666 865
666 935
666 943
666 950
667 746
667 748
667 781
667 804
667 815
667 822
667 835
667 853
667 868
667 952
667 991
668 739
668 754
668 774
668 816
668 828
668 847
668 872
668 927
668 976
669 699
669 724
669 799
669 829
669 882
669 932
670 681
670 732
670 771
670 774
670 818
670 889
670 911
670 924
671 696
671 714
671 849
671 875
671 887
672 716
672 745
672 859
672 898
672 955
672 967
673 690
673 716
673 718
673 730
673 775
673 862
673 864
673 928
673 951
673 956
673 968
674 735
674 754
674 760
674 769
674 855
674 883
674 905
675 732
675 804
675 832
675 905
676 680
676 693
676 746
676 772
676 793
676 802
676 817
676 862
676 891
676 929
676 937
676 991
677 722
677 734
677 791
677 814
677 818
677 843
677 858
677 874
677 889
677 923
677 987
678 691
678 821
678 846
678 867
678 877
678 906
678 912
679 680
679 684
679 762
679 799
679 803
679 826
679 941
679 989
679 991
680 741
680 742
680 856
680 908
680 938
681 685
681 763
681 834
681 860
681 876
682 703
682 787
682 811
682 813
682 853
682 883
682 989
683 738
683 744
683 749
683 919
684 701
684 744
684 745
684 746
684 769
684 798
684 880
684 884
684 937
684 969
685 707
685 749
685 813
685 905
686 695
686 748
686 866
686 896
686 930
687 731
687 848
687 916
687 980
688 706
688 723
688 728
688 745
688 780
688 784
688 798
688 911
688 920
688 964
688 988
689 798
689 845
689 854
689 979
689 992
690 750
690 787
690 818
690 851
691 715
691 748
691 812
691 850
691 853
691 860
691 883
691 910
691 966
692 697
692 763
692 922
692 936
693 702
693 722
693 808
693 844
693 935
694 757
694 773
694 779
694 840
694 849
694 866
694 886
695 700
695 850
695 887
695 975
696 782
697 718
697 774
697 831
697 866
697 919
697 922
697 936
698 709
698 762
698 797
698 967
698 985
699 718
699 730
699 770
699 778
699 810
699 842
699 901
699 921
699 937
699 976
699 980
700 751
700 864
700 900
700 968
700 973
700 998
701 709
701 751
701 808
701 836
701 973
702 722
702 751
702 812
702 834
702 906
703 723
703 828
703 848
703 849
703 863
703 905
703 939
703 998
704 737
704 757
704 764
704 791
704 808
704 831
704 836
704 873
704 921
705 726
705 806
705 902
705 944
706 717
706 729
706 800
706 919
706 929
706 944
706 985
706 995
707 723
707 802
707 962
708 724
708 884
708 897
708 921
708 965
709 739
709 754
709 787
709 799
709 869
709 963
709 999
710 716
710 776
710 831
710 849
711 751
711 767
711 791
711 896
711 960
712 791
712 793
712 799
712 856
712 897
713 774
713 794
713 808
713 927
713 962
714 759
714 827
714 839
714 840
714 852
714 880
714 922
714 951
715 809
715 886
715 997
716 745
716 805
716 808
716 815
716 857
716 907
717 727
717 732
717 748
717 784
717 803
717 829
717 882
717 903
717 909
717 910
717 920
718 801
719 796
719 833
719 890
719 900
720 764
720 859
720 924
720 953
721 765
721 770
721 771
721 851
721 887
721 926
721 972
721 982
722 876
722 881
722 897
722 942
723 737
723 773
723 791
723 798
723 887
723 928
723 979
724 800
724 812
724 852
724 909
724 912
724 999
725 734
725 781
725 817
725 837
725 877
725 959
726 800
727 738
728 815
728 880
728 970
728 996
729 793
729 844
729 869
729 879
730 792
730 818
730 854
730 858
730 951
730 952
730 987
731 796
731 858
731 946
732 740
732 756
732 787
732 825
732 845
732 894
732 913
733 798
733 807
733 820
733 862
733 903
733 925
733 973
734 746
734 774
734 844
734 879
735 795
735 816
735 845
735 853
735 869
736 788
736 834
736 939
737 811
737 827
737 872
737 956
737 979
737 994
738 811
738 863
738 926
738 947
739 753
739 778
739 846
739 895
740 743
740 871
740 883
740 898
740 900
740 943
740 944
741 815
741 824
741 878
741 964
742 773
742 777
742 788
742 921
742 988
743 796
743 851
743 857
743 945
744 792
744 839
744 877
744 900
744 989
745 758
745 764
745 772
745 802
745 832
745 870
745 905
745 911
745 940
745 948
746 807
746 815
746 930
747 909
747 961
748 769
748 780
748 785
748 877
748 891
748 895
748 941
748 951
748 960
749 905
749 973
749 974
749 979
749 992
750 788
750 824
750 888
750 905
751 836
751 845
751 852
751 859
751 860
751 943
751 962
751 991
751 998
752 842
752 904
752 912
752 943
752 971
753 757
753 764
753 797
753 867
753 904
753 959
753 982
754 838
754 868
754 968
754 981
754 991
755 929
755 939
755 974
756 835
756 849
756 865
756 886
756 960
757 864
757 905
757 978
758 861
758 906
758 999
759 787
759 863
759 909
760 791
760 882
761 783
761 802
761 957
761 976
761 978
761 990
762 928
762 948
762 971
762 990
762 999
763 794
763 824
763 841
763 899
763 923
763 965
763 990
763 996
764 765
764 853
764 935
765 869
765 900
765 931
766 870
767 778
767 800
767 846
767 853
768 845
768 858
768 859
768 865
768 871
768 999
769 775
769 795
769 845
769 899
769 926
770 794
770 855
770 921
770 933
770 967
771 774
771 801
771 942
771 947
772 786
772 816
772 866
772 875
772 922
773 788
773 794
773 801
773 839
773 860
773 868
773 871
773 950
774 805
774 839
774 927
775 799
775 821
775 849
775 894
775 991
776 885
776 969
776 982
777 788
777 793
777 854
777 897
777 900
778 810
778 932
778 969
779 800
779 943
779 994
780 796
780 873
780 877
780 890
780 907
780 930
780 963
780 968
780 969
780 974
781 862
781 960
781 965
782 790
782 799
782 802
782 826
782 839
782 872
782 904
782 949
783 795
783 827
783 868
783 952
784 825
784 838
784 850
784 868
784 950
785 836
785 841
785 925
785 963
785 987
786 857
786 930
786 989
787 854
787 972
788 914
789 931
789 945
789 978
790 825
790 826
790 896
791 847
791 856
791 877
791 887
791 905
791 907
791 909
791 946
791 972
792 891
792 912
792 942
792 969
792 992
793 828
793 888
794 902
794 911
794 968
795 797
795 807
795 838
795 851
795 939
796 856
796 862
796 883
796 895
796 924
796 948
797 892
797 943
797 982
798 830
798 955
798 997
799 839
799 890
799 930
799 940
799 962
799 985
799 996
800 844
800 904
800 910
800 922
800 934
800 975
801 844
801 875
801 880
801 943
802 909
802 919
802 998
803 868
803 950
804 835
804 903
804 914
804 918
804 979
805 850
805 899
805 932
805 952
805 960
805 968
805 970
806 836
806 966
806 974
806 977
807 890
808 833
808 905
808 908
808 989
808 995
809 815
809 819
809 903
809 990
810 815
810 850
810 943
811 879
811 880
811 930
812 873
812 914
812 959
812 975
813 841
813 916
813 998
814 908
815 879
815 887
816 842
816 956
817 861
817 867
817 951
819 886
819 891
819 930
819 937
819 957
820 935
820 971
820 983
821 845
821 850
821 856
821 907
821 917
822 881
822 885
822 894
822 960
823 917
823 924
823 970
823 973
823 982
824 859
824 918
824 993
824 999
825 840
825 857
825 950
826 827
826 859
826 876
826 918
826 919
826 963
826 992
827 846
827 922
828 902
828 920
828 940
828 942
828 954
828 980
829 846
829 851
829 919
829 990
829 992
829 994
830 848
830 912
830 957
830 961
830 962
830 969
830 976
831 884
831 892
831 954
831 957
832 853
832 855
832 909
832 951
832 952
833 932
833 970
833 980
834 938
834 947
834 952
834 963
834 973
835 916
835 997
836 838
836 841
836 909
836 989
837 870
837 974
837 987
838 942
838 966
838 989
839 921
839 966
840 914
840 928
840 960
840 987
841 889
841 911
841 946
842 904
842 918
842 957
843 917
843 932
843 935
843 986
843 990
844 893
844 949
844 950
845 854
845 855
845 894
845 919
845 984
846 929
846 947
846 961
847 920
848 856
848 899
848 916
848 933
848 943
848 949
849 854
849 859
849 881
849 892
849 919
849 930
849 945
849 951
850 893
850 910
850 943
851 869
852 859
852 891
852 917
853 898
853 909
853 958
854 875
854 972
855 877
855 904
855 912
855 957
855 966
855 967
856 868
856 957
856 989
856 996
857 882
857 888
857 920
857 977
858 864
858 883
858 896
859 903
859 916
859 954
860 901
860 920
860 930
860 937
860 950
860 963
861 986
861 998
862 873
862 896
862 900
862 918
862 922
863 899
864 881
864 886
864 914
865 925
865 976
865 988
866 918
866 926
866 952
867 885
867 994
868 934
870 879
870 891
870 899
870 942
870 952
870 961
870 969
871 954
871 956
872 895
872 989
873 890
873 922
873 933
873 959
874 876
874 880
874 990
875 902
875 959
875 978
876 911
876 993
877 881
877 977
878 882
879 882
879 911
879 933
879 939
880 897
880 948
880 983
880 992
881 888
881 937
882 909
883 893
883 995
884 960
885 910
885 918
885 934
885 935
885 939
886 894
886 985
887 965
887 983
888 932
888 947
888 958
888 986
889 919
889 936
889 958
889 961
889 988
890 909
890 935
890 955
890 977
891 894
891 909
892 962
892 981
893 896
893 952
893 978
894 974
895 931
895 976
895 984
896 909
897 900
897 958
897 983
897 994
898 912
898 915
900 967
900 975
901 949
901 959
903 932
903 966
903 990
904 925
904 971
905 985
906 912
906 948
906 954
906 970
906 993
907 935
908 909
908 938
908 993
909 963
910 960
911 923
911 925
912 927
912 935
912 946
914 963
916 921
916 925
916 977
917 930
917 968
918 953
919 929
919 981
919 996
922 925
922 953
922 969
922 976
922 993
924 961
926 928
926 933
926 966
927 939
928 944
928 950
928 991
929 950
929 987
930 942
930 948
930 968
931 952
931 995
932 936
932 968
933 942
933 943
934 956
935 979
935 985
936 970
936 973
937 945
939 951
939 980
941 985
942 959
946 956
946 974
946 978
947 956
947 957
947 968
948 962
948 974
949 975
949 984
949 985
951 969
951 991
951 994
952 977
952 986
955 997
956 988
958 991
959 961
960 976
960 999
961 984
961 987
962 982
965 979
965 990
968 969
970 991
971 977
974 976
974 999
975 988
976 984
978 987
980 985
984 985
984 989
990 996
992 999
